73			
  1 112   5  50001 1.40 Taw
  2 112   5  50002 1.40 Torridge
  3 137  15  51002 7.70 HornerWater
  4 147  12  51003 7.70  Washford
  5 160  15  52005 5.03 Tone
  6 160  15  52007 5.03 Parrett
  7 160  15  52010 5.03 Brue
  8 172  31  53006 1.36 Frome(Bristol)
  9 172  31  53018 1.36 Avon
 10 174  36  54002 1.18 Avon
 11 174  36  54032 1.18 Severn
 12 174  36  55023 1.04 Wye
 13 162  33  56001 1.35 Usk
 14 162  33  56002 1.35 Ebbw
 15 155  28  57005 1.12 Taff
 16 156  29  57008 1.12 Rhymney
 17 155  28  57009 1.12 Ely
 18 135  29  58001 1.96 Ogmore
 19 127  37  58002 1.96 Neath
 20 127  37  58008 1.96 Dulais
 21 124  37  59001 2.43 Tawe
 22 122  37  59002 2.43 Loughor
 23 104  46  60003 1.51 Taf
 24 105  46  60010 1.51 Tywi
 25  78  40  61001 3.09 West Cleddau
 26  78  40  61002 3.09 East Cleddau
 27  93  68  62001 1.07 Teifi
 28 116  86  63001 1.81 Ystwyth
 29 116  86  63002 1.81 Rheidol
 30 118  93  64001 2.31 Dyfi
 31 106 114  65005 6.74 Erch
 32 107 128  65006 6.74 Seiont
 33 111 115  65007 6.74 Dwyfawr
 34 127 140  66011 4.13 Conwy
 35 141 142  66001 4.13 Clwyd
 36 150 142  67008 1.19 Alyn
 37 150 142  67015 1.19 Dee
 38 159 148  68001 1.53 Weaver
 39 159 148  68003 1.53 Dane
 40 159 148  69002 1.53 Irwell
 41 159 148  69007 1.53 Mersey
 42 159 148  69012 1.53 Bollin
 43 159 148  69030 1.53 Sankey Brook
 44 159 148  69013 1.53 Sinderland Brook
 45 161 164  70002 2.07 Douglas
 46 161 164  70005 2.07 Lostock
 47 161 164  71001 1.19 Ribble
 48 160 178  72002 1.17 Wyre
 49 166 180  72004 1.17 Lune
 50 165 186  73005 2.01 Kent
 51 158 186  73010 2.01 Leven
 52 140 206  74005 6.62 Ehen
 53 138 220  75002 1.22 Derwent
 54 140 224  75017 1.22 Ellen
 55 149 239  76007 1.02 Eden
 56 149 239  78003 1.02 Annan
 57 138 239  79002 1.28 Nith
 58 138 239  79005 1.28 Cluden Water
 59 129 232  80001 1.35 Urr
 60 119 227  80002 1.35 Dee
 61 105 233  81002 1.97 Cree
 62  89 231  81003 1.97 Luce
 63 105 232  81004 1.97 Bladnoch
 64  85 257  82001 1.10 Girvan
 65  93 270  82002 1.10 Doon
 66  80 247  82003 1.10 Stinchar
 67  93 277  83005 1.35 Irvine
 68  93 270  83006 1.35 Ayr
 69  93 277  83009 1.35 Garnock
 70  85 293  84001 1.38 Kelvin
 71  85 293  84005 1.38 Clyde
 72  85 293  84012 1.38 White Cart Water
 73  85 293  85001 1.03 Leven
