site,year,month,day,hour,minute,second
b0558213,2000,03,12,13,44,00
b0558225,2000,03,12,17,21,00
b0558237,2000,03,13,06,36,00
b0558249,2000,03,13,10,50,00
b0563412,2000,11,22,19,39,00
b0563424,2000,11,23,06,36,00
b0563436,2000,11,23,09,02,00
b0563448,2000,11,23,16,31,00
b0563461,2000,11,23,18,29,00
b0563473,2000,11,23,20,33,00
b0563485,2000,11,24,06,38,00
b0563497,2000,11,24,08,31,00
b0563504,2000,11,24,12,39,00
b0563516,2000,11,24,16,43,00
b0563528,2000,11,24,19,01,00
b0563541,2000,11,26,16,17,00
b0563553,2000,11,26,19,09,00
b0563565,2000,11,26,22,47,00
b0563577,2000,11,27,07,04,00
b0563589,2000,11,27,09,58,00
b0563590,2000,11,27,12,21,00
b0572009,2001,03,05,06,39,00
b0572010,2001,03,05,09,32,00
b0572022,2001,03,05,16,23,00
b0572034,2001,03,05,18,00,00
b0572046,2001,03,05,19,56,00
b0572058,2001,03,06,06,32,00
b0572071,2001,03,06,08,51,00
b0572083,2001,03,06,11,44,00
b0572095,2001,03,06,14,03,00
b0572102,2001,03,06,17,35,00
b0572114,2001,03,08,12,14,00
b0572126,2001,03,08,15,44,00
b0572138,2001,03,08,17,59,00
b0572151,2001,03,08,20,40,00
b0572163,2001,03,09,06,37,00
b0572175,2001,03,09,09,39,00
b0572187,2001,03,09,12,14,00
b0572199,2001,03,09,14,55,00
b0572231,2001,03,10,13,05,00
b0572243,2001,03,10,15,56,00
b0575382,2001,11,03,12,10,00
b0575401,2001,11,03,20,02,00
b0575413,2001,11,04,04,30,00
b0575425,2001,11,04,10,11,00
b0575437,2001,11,04,14,23,00
b0575449,2001,11,04,16,27,00
b0575450,2001,11,04,18,32,00
b0575462,2001,11,04,21,29,00
b0575474,2001,11,05,02,54,00
b0575486,2001,11,05,11,13,00
b0575498,2001,11,05,14,13,00
b0575505,2001,11,05,17,47,00
b0575517,2001,11,05,19,39,00
b0575529,2001,11,07,22,17,00
b0575530,2001,11,08,04,45,00
b0575542,2001,11,09,06,35,00
b0575554,2001,11,09,10,08,00
b0575566,2001,11,09,12,57,00
b0616659,2002,03,07,12,58,00
b0616660,2002,03,07,15,50,00
b0616672,2002,03,08,09,45,00
b0616684,2002,03,08,12,07,00
b0616696,2002,03,08,14,58,00
b0616703,2002,03,08,17,23,00
b0616715,2002,03,08,21,52,00
b0616727,2002,03,09,06,29,00
b0616739,2002,03,09,08,30,00
b0616740,2002,03,09,10,26,00
b0616752,2002,03,09,12,50,00
b0616764,2002,03,10,15,10,00
b0616776,2002,03,10,17,33,00
b0616788,2002,03,10,19,28,00
b0616807,2002,03,12,06,25,00
b0617048,2002,03,18,12,01,00
b0617061,2002,03,18,15,54,00
b0621035,2002,11,21,18,15,00
b0621047,2002,11,21,20,20,00
b0621059,2002,11,22,07,02,00
b0621060,2002,11,22,09,32,00
b0621072,2002,11,22,12,42,00
b0621084,2002,11,22,15,33,00
b0621096,2002,11,22,17,38,00
b0621103,2002,11,25,06,48,00
b0621115,2002,11,25,10,43,00
b0621127,2002,11,25,12,49,00
b0621139,2002,11,25,15,15,00
b0621140,2002,11,25,17,09,00
b0621152,2002,11,25,18,53,00
b0621164,2002,11,26,05,42,00
b0621176,2002,11,26,10,30,00
b0621188,2002,11,26,13,40,00
b0621207,2002,11,26,16,26,00
b0621293,2002,11,28,11,42,00
b0623005,2002,03,07,06,38,00
b0623017,2002,03,07,08,57,00
b0626304,2003,03,15,07,36,00
b0626316,2003,03,15,09,48,00
b0626328,2003,03,15,12,17,00
b0626341,2003,03,15,14,15,00
b0626353,2003,03,15,16,07,00
b0631564,2003,11,18,16,00,00
b0631576,2003,11,18,19,07,00
b0631588,2003,11,19,03,33,00
b0631607,2003,11,19,10,34,00
b0631619,2003,11,19,16,08,00
b0631620,2003,11,19,18,22,00
b0631632,2003,11,20,09,10,00
b0631644,2003,11,20,10,32,00
b0631656,2003,11,20,13,33,00
b0631668,2003,11,20,16,12,00
b0631681,2003,11,20,18,09,00
b0631693,2003,11,21,09,07,00
b0631700,2003,11,21,10,19,00
b0631712,2003,11,21,13,36,00
b0631724,2003,11,21,16,47,00
b0631736,2003,11,21,18,50,00
b0631748,2003,11,23,15,36,00
b0631761,2003,11,23,18,01,00
b0631970,2003,11,28,17,25,00
b0631982,2003,11,28,20,01,00
b0636009,2003,03,09,11,48,00
b0636010,2003,03,09,14,26,00
b0636022,2003,03,11,07,04,00
b0636034,2003,03,11,09,40,00
b0636046,2003,03,11,11,55,00
b0636058,2003,03,11,14,31,00
b0636071,2003,03,11,21,12,00
b0636083,2003,03,12,07,59,00
b0636095,2003,03,12,10,30,00
b0636102,2003,03,14,16,54,00
b0636114,2003,03,14,19,51,00
b0636126,2003,03,14,21,44,00
b0650052,2004,02,19,14,05,00
b0653314,2004,10,15,15,52,00
b0653326,2004,10,16,10,05,00
b0653338,2004,10,16,11,38,00
b0657063,2004,11,22,08,03,00
b0657075,2004,11,22,13,39,00
b0657087,2004,11,22,16,03,00
b0657099,2004,11,23,08,37,00
b0657106,2004,11,23,09,33,00
b0657118,2004,11,23,11,32,00
b0657131,2004,11,23,14,08,00
b0657143,2004,11,23,16,17,00
b0657155,2004,11,24,01,48,00
b0657167,2004,11,24,11,10,00
b0657179,2004,11,24,14,11,00
b0657180,2004,11,24,17,52,00
b0657192,2004,11,24,21,04,00
b0657211,2004,11,26,15,55,00
b0657223,2004,11,26,19,12,00
b0657235,2004,11,27,08,00,00
b0657247,2004,11,27,10,01,00
b0657284,2004,11,28,11,09,00
b0657296,2004,11,28,14,04,00
b0658797,2004,03,12,08,05,00
b0658804,2004,03,12,10,27,00
b0658816,2004,03,12,14,38,00
b0658828,2004,03,12,18,57,00
b0658841,2004,03,13,06,36,00
b0658853,2004,03,13,09,36,00
b0658865,2004,03,13,11,32,00
b0658877,2004,03,13,13,33,00
b0658889,2004,03,13,15,49,00
b0658890,2004,03,13,19,27,00
b0658908,2004,03,14,06,10,00
b0658921,2004,03,14,07,56,00
b0658933,2004,03,14,12,46,00
b0658945,2004,03,14,15,28,00
b0658957,2004,03,14,19,10,00
b0658969,2004,03,16,11,57,00
b0658970,2004,03,16,14,25,00
b0658982,2004,03,17,06,40,00
b0659137,2004,03,20,11,24,00
b0709768,2005,03,21,15,11,00
b0709781,2005,03,21,18,29,00
b0709793,2005,03,23,13,04,00
b0709800,2005,03,23,15,16,00
b0709812,2005,03,24,06,03,00
b0709873,2005,03,25,10,24,00
b0709885,2005,03,25,12,57,00
b0713614,2005,11,24,08,16,00
b0713626,2005,11,24,09,51,00
b0713638,2005,11,24,13,00,00
b0713651,2005,11,24,16,06,00
b0713663,2005,11,24,18,12,00
b0713675,2005,11,26,16,37,00
b0713687,2005,11,26,20,24,00
b0713699,2005,11,27,08,05,00
b0713706,2005,11,27,09,15,00
b0713718,2005,11,27,12,07,00
b0713731,2005,11,27,14,05,00
b0713743,2005,11,27,15,43,00
b0713755,2005,11,28,07,57,00
b0713767,2005,11,28,09,26,00
b0713779,2005,11,28,15,08,00
b0713927,2005,12,02,08,04,00
b0713939,2005,12,02,09,55,00
b0713940,2005,12,02,12,19,00
b0713952,2005,12,02,15,07,00
b0717387,2005,06,13,15,16,00
b0717399,2005,06,14,07,12,00
b0717406,2005,06,14,07,36,00
b0717418,2005,06,14,08,19,00
b0717431,2005,06,14,14,27,00
b0720149,2005,03,18,18,31,00
b0720150,2005,03,19,05,58,00
b0720162,2005,03,19,08,19,00
b0720174,2005,03,19,14,13,00
b0720186,2005,03,19,18,21,00
b0720198,2005,03,20,06,01,00
b0720205,2005,03,20,07,59,00
b0720217,2005,03,20,10,04,00
b0720229,2005,03,20,12,38,00
b0720230,2005,03,20,14,42,00
b0720242,2005,03,20,16,24,00
b0720254,2005,03,20,18,51,00
b0720266,2005,03,21,06,01,00
b0720278,2005,03,21,09,02,00
b0720291,2005,03,21,12,44,00
b0723541,2006,07,09,11,23,00
b0723577,2006,07,15,08,12,00
b0723589,2006,07,15,09,36,00
b0723590,2006,07,15,11,59,00
b0723608,2006,07,15,13,47,00
b0727911,2006,11,29,16,18,00
b0727923,2006,11,29,18,45,00
b0727984,2006,12,02,08,15,00
b0727996,2006,12,02,10,28,00
b0728023,2006,12,02,17,29,00
b0729536,2006,03,19,18,58,00
b0729548,2006,03,20,06,02,00
b0729561,2006,03,20,08,55,00
b0729573,2006,03,20,11,40,00
b0729585,2006,03,20,14,16,00
b0729597,2006,03,20,17,52,00
b0729604,2006,03,22,19,25,00
b0729616,2006,03,23,06,04,00
b0729628,2006,03,23,08,06,00
b0729641,2006,03,23,10,17,00
b0729653,2006,03,23,12,44,00
b0729665,2006,03,23,14,45,00
b0729677,2006,03,23,16,51,00
b0729689,2006,03,24,06,04,00
b0729690,2006,03,24,08,24,00
b0729708,2006,03,24,13,33,00
b0729721,2006,03,24,18,36,00
b0729745,2006,03,25,08,43,00
b0729757,2006,03,25,11,03,00
b0737327,2005,07,15,18,08,00
b0737468,2005,07,19,14,44,00
b0737481,2005,07,20,02,55,00
b0737493,2005,07,20,14,02,00
b0737690,2005,07,26,14,03,00
b0737708,2005,07,26,15,15,00
b0737721,2005,07,26,16,12,00
b0737733,2005,07,26,18,03,00
b0737745,2005,07,26,19,00,00
b0737757,2005,07,26,20,08,00
b0737769,2005,07,26,21,08,00
b0737770,2005,07,26,22,01,00
b0737782,2005,07,26,22,57,00
b0737794,2005,07,26,23,54,00
b0737801,2005,07,27,00,56,00
b0737813,2005,07,27,01,56,00
b0737825,2005,07,27,02,54,00
b0737837,2005,07,27,04,15,00
b0737849,2005,07,27,05,15,00
b0737850,2005,07,27,06,03,00
b0737862,2005,07,27,07,14,00
b0737874,2005,07,27,10,22,00
b0737886,2005,07,27,10,59,00
b0737898,2005,07,27,12,04,00
b0737905,2005,07,27,12,58,00
b0737917,2005,07,27,13,58,00
b0737929,2005,07,27,15,01,00
b0737930,2005,07,28,09,27,00
b0737942,2005,07,28,10,30,00
b0737954,2005,07,28,11,28,00
b0737966,2005,07,28,12,27,00
b0737978,2005,07,28,13,31,00
b0737991,2005,07,28,14,26,00
b0738005,2005,07,28,15,32,00
b0738017,2005,07,28,16,33,00
b0738029,2005,07,28,17,32,00
b0738030,2005,07,28,18,40,00
b0738042,2005,07,28,19,26,00
b0738054,2005,07,28,20,25,00
b0738066,2005,07,28,21,21,00
b0738078,2005,07,28,22,24,00
b0738091,2005,07,29,01,58,00
b0738109,2005,07,29,03,51,00
b0738110,2005,07,29,04,50,00
b0738122,2005,07,29,05,57,00
b0738134,2005,07,29,07,05,00
b0738146,2005,07,29,10,01,00
b0738226,2005,07,31,03,17,00
b0738238,2005,07,31,05,26,00
b0738251,2005,07,31,06,06,00
b0738263,2005,07,31,07,00,00
b0738275,2005,07,31,07,59,00
b0738287,2005,07,31,08,55,00
b0738299,2005,07,31,09,57,00
b0738306,2005,07,31,10,57,00
b0738318,2005,07,31,12,01,00
b0738331,2005,07,31,13,02,00
b0738343,2005,07,31,14,00,00
b0738355,2005,07,31,14,58,00
b0738367,2005,07,31,16,02,00
b0738379,2005,07,31,17,08,00
b0738380,2005,07,31,18,01,00
b0738392,2005,07,31,18,56,00
b0738411,2005,07,31,19,56,00
b0738423,2005,07,31,20,55,00
b0738435,2005,07,31,21,55,00
b0738447,2005,07,31,22,56,00
b0738459,2005,07,31,23,58,00
b0738460,2005,08,01,04,02,00
b0738472,2005,08,01,16,16,00
b0738484,2005,08,01,17,02,00
b0738496,2005,08,01,18,14,00
b0738503,2005,08,01,18,55,00
b0738515,2005,08,01,19,56,00
b0738527,2005,08,01,20,55,00
b0738539,2005,08,01,21,56,00
b0738540,2005,08,01,22,57,00
b0738552,2005,08,01,23,55,00
b0738564,2005,08,02,00,56,00
b0738576,2005,08,02,01,57,00
b0738588,2005,08,02,02,57,00
b0738607,2005,08,02,04,19,00
b0738619,2005,08,02,05,02,00
b0738620,2005,08,02,06,02,00
b0738632,2005,08,02,06,58,00
b0738644,2005,08,02,07,56,00
b0738656,2005,08,02,08,55,00
b0738668,2005,08,02,09,56,00
b0738681,2005,08,02,11,11,00
b0738693,2005,08,02,12,23,00
b0738700,2005,08,02,13,01,00
b0738712,2005,08,02,14,02,00
b0738724,2005,08,03,03,05,00
b0738736,2005,08,03,03,56,00
b0845586,2003,08,04,07,04,00
b0845598,2003,08,04,20,54,00
b0845605,2003,08,04,21,33,00
b0845617,2003,08,04,22,09,00
b0845629,2003,08,04,22,45,00
b0845630,2003,08,04,23,30,00
b0845642,2003,08,05,00,09,00
b0845654,2003,08,05,00,49,00
b0845666,2003,08,05,01,24,00
b0845678,2003,08,05,01,57,00
b0845691,2003,08,05,02,30,00
b0845709,2003,08,05,03,04,00
b0845710,2003,08,05,13,04,00
b0845722,2003,08,05,13,51,00
b0845734,2003,08,05,14,35,00
b0845746,2003,08,05,15,23,00
b0845758,2003,08,05,16,07,00
b0896389,2005,10,07,09,56,00
b0900071,2007,03,24,06,59,00
b0900083,2007,03,24,12,57,00
b0900095,2007,03,24,15,14,00
b0900102,2007,03,24,18,47,00
b0900114,2007,03,25,06,06,00
b0900126,2007,03,25,08,42,00
b0900138,2007,03,25,11,03,00
b0900151,2007,03,25,13,55,00
b0910772,2007,04,17,10,30,00
b0910784,2007,05,01,10,30,00
b0910796,2007,06,05,10,07,00
b0910803,2007,07,03,10,30,00
b0910815,2007,07,31,08,22,00
b0910827,2007,09,11,09,06,00
b0910839,2007,11,01,09,16,00
b0910840,2008,04,15,10,30,00
b0910852,2008,04,29,10,30,00
b0910864,2008,05,13,10,30,00
b0910876,2008,05,20,10,30,00
b0910888,2008,06,03,10,14,00
b0910907,2008,06,17,10,26,00
b0910919,2008,07,15,10,30,00
b0910920,2008,08,22,10,30,00
b0910932,2008,09,16,10,30,00
b0910944,2008,10,08,10,43,00
b0910956,2008,10,22,10,47,00
b0910968,2008,11,04,10,52,00
b0910981,2008,12,11,10,30,00
b0910993,2009,01,07,10,30,00
b0911007,2007,04,10,09,00,00
b0911019,2007,04,16,09,00,00
b0911020,2007,04,23,09,00,00
b0911032,2007,04,30,09,00,00
b0911044,2007,05,08,09,45,00
b0911056,2007,05,21,09,00,00
b0911068,2007,06,04,09,10,00
b0911081,2007,06,11,09,30,00
b0911093,2007,06,25,09,40,00
b0911100,2007,07,03,13,33,00
b0911112,2007,07,09,09,42,00
b0911124,2007,07,16,08,29,00
b0911136,2007,07,23,09,35,00
b0911148,2007,07,30,07,55,00
b0911161,2007,08,06,09,22,00
b0911173,2007,08,13,09,46,00
b0911185,2007,08,20,09,29,00
b0911197,2007,08,28,09,00,00
b0911204,2007,09,03,09,21,00
b0911216,2007,09,10,08,58,00
b0911228,2007,09,17,09,00,00
b0911241,2007,09,28,09,00,00
b0911253,2007,10,02,08,44,00
b0911265,2007,10,08,09,33,00
b0911277,2007,10,25,08,23,00
b0911289,2007,10,30,10,28,00
b0911290,2007,11,05,09,12,00
b0911308,2007,11,12,09,35,00
b0911321,2007,11,22,09,11,00
b0911333,2007,11,26,08,58,00
b0911345,2007,12,11,09,51,00
b0911357,2008,02,13,09,00,00
b0911369,2008,02,20,09,00,00
b0911370,2008,02,27,09,40,00
b0911382,2008,03,05,09,58,00
b0911394,2008,03,17,09,28,00
b0911401,2008,04,07,13,10,00
b0911413,2008,04,14,09,33,00
b0911425,2008,04,21,08,17,00
b0911437,2008,04,28,09,00,00
b0911449,2008,05,06,08,04,00
b0911450,2008,05,12,09,45,00
b0911462,2008,05,19,09,13,00
b0911474,2008,05,28,10,02,00
b0911486,2008,06,02,09,55,00
b0911498,2008,06,09,10,10,00
b0911505,2008,06,16,09,00,00
b0911517,2008,06,23,09,48,00
b0911529,2008,06,30,10,48,00
b0911530,2008,07,14,11,25,00
b0911542,2008,07,21,08,45,00
b0911554,2008,07,28,09,45,00
b0911566,2008,08,20,09,00,00
b0911578,2008,08,26,09,00,00
b0911591,2008,09,02,10,45,00
b0911609,2008,09,15,09,00,00
b0911610,2008,09,22,09,00,00
b0911622,2008,09,29,09,00,00
b0911634,2008,10,06,09,25,00
b0911646,2008,10,13,10,20,00
b0911658,2008,10,21,09,46,00
b0911671,2008,11,03,09,17,00
b0911683,2008,12,08,09,00,00
b0911695,2008,12,15,09,00,00
b0911702,2009,01,05,09,23,00
b0911714,2009,01,13,10,56,00
b0911726,2009,01,21,09,52,00
b0911738,2009,01,27,11,31,00
b0911751,2009,02,11,10,23,00
b0911763,2009,02,26,10,30,00
b0911775,2009,03,11,10,30,00
b0911787,2009,04,01,10,35,00
b0911799,2009,04,15,10,50,00
b0911806,2009,05,28,10,30,00
b0911818,2009,06,09,10,30,00
b0911831,2009,06,23,10,30,00
b0911843,2009,07,23,10,30,00
b0911855,2009,02,11,13,45,00
b0911867,2009,02,16,10,29,00
b0911879,2009,02,23,09,45,00
b0911880,2009,03,02,09,21,00
b0911892,2009,03,09,09,23,00
b0911911,2009,03,16,09,00,00
b0911923,2009,03,23,09,30,00
b0911935,2009,03,30,09,33,00
b0911947,2009,04,06,09,33,00
b0911959,2009,04,14,09,16,00
b0911960,2009,04,21,09,10,00
b0911972,2009,05,14,11,35,00
b0911984,2009,05,21,09,00,00
b0911996,2009,06,02,09,35,00
b0912011,2009,06,15,09,16,00
b0912023,2009,06,22,09,21,00
b0912035,2009,06,29,09,16,00
b0912047,2009,07,07,09,26,00
b0912059,2009,07,13,09,21,00
b0912060,2009,07,20,09,22,00
b0912072,2009,07,27,09,27,00
b0923137,2008,11,19,13,13,00
b0923149,2008,11,19,15,33,00
b0923150,2008,11,19,19,22,00
b0923162,2008,11,20,08,02,00
b0923174,2008,11,20,11,48,00
b0923334,2008,11,24,17,36,00
b0923346,2008,11,24,20,41,00
b0923358,2008,11,25,06,07,00
b0925390,2008,10,09,06,20,00
b0925408,2008,10,09,06,58,00
b0925421,2008,10,09,07,25,00
b0925433,2008,10,09,07,52,00
b0925445,2008,10,09,08,25,00
b0925457,2008,10,09,08,51,00
b0925469,2008,10,09,09,20,00
b0925470,2008,10,09,11,26,00
b0925482,2008,10,10,09,19,00
b0925494,2008,10,10,09,44,00
b0925501,2008,10,10,11,46,00
b0925513,2008,10,10,12,36,00
b0925525,2008,10,10,13,16,00
b0925537,2008,10,10,13,46,00
b0925549,2008,10,10,14,30,00
b0928977,2008,02,12,11,06,00
b0928989,2008,02,12,13,33,00
b0928990,2008,02,12,14,01,00
b0929004,2008,02,12,14,31,00
b0929016,2008,02,12,15,00,00
b0929028,2008,02,12,15,30,00
b0929041,2008,02,12,18,31,00
b0929053,2008,02,12,19,01,00
b0929065,2008,02,12,19,33,00
b0929077,2008,02,12,20,01,00
b0929089,2008,02,12,20,31,00
b0929090,2008,02,12,21,00,00
b0929108,2008,02,12,21,34,00
b0929121,2008,02,12,22,00,00
b0929133,2008,02,12,22,30,00
b0929145,2008,02,12,23,01,00
b0929157,2008,02,12,23,30,00
b0929169,2008,02,13,00,02,00
b0929170,2008,02,13,00,32,00
b0929182,2008,02,13,01,03,00
b0929194,2008,02,13,01,31,00
b0929201,2008,02,13,02,02,00
b0929213,2008,02,13,02,32,00
b0929225,2008,02,13,03,01,00
b0929237,2008,02,13,03,31,00
b0929249,2008,02,13,04,00,00
b0929250,2008,02,13,06,35,00
b0929262,2008,02,13,07,00,00
b0929274,2008,02,13,07,31,00
b0929286,2008,02,13,08,01,00
b0929298,2008,02,13,08,30,00
b0929305,2008,02,13,09,00,00
b0929317,2008,02,13,09,33,00
b0929329,2008,02,13,10,02,00
b0929330,2008,02,13,10,32,00
b0929342,2008,02,13,11,03,00
b0929354,2008,02,13,11,32,00
b0929366,2008,02,13,12,01,00
b0929378,2008,02,13,12,31,00
b0929391,2008,02,13,13,00,00
b0929409,2008,02,13,13,31,00
b0929410,2008,02,13,13,59,00
b0929422,2008,02,14,10,33,00
b0929434,2008,02,14,10,59,00
b0929446,2008,02,14,11,30,00
b0929458,2008,02,14,12,00,00
b0929471,2008,02,14,12,30,00
b0929483,2008,02,14,12,57,00
b0929495,2008,02,14,13,29,00
b0929502,2008,02,14,14,59,00
b0929514,2008,02,14,15,31,00
b0929526,2008,02,14,15,59,00
b0929538,2008,02,14,16,32,00
b0929551,2008,02,14,17,01,00
b0929563,2008,02,14,17,31,00
b0929575,2008,02,14,18,01,00
b0929587,2008,02,14,20,34,00
b0929599,2008,02,14,21,01,00
b0929606,2008,02,14,21,31,00
b0929618,2008,02,14,22,01,00
b0929631,2008,02,14,22,30,00
b0929643,2008,02,14,22,59,00
b0929655,2008,02,14,23,30,00
b0929667,2008,02,15,00,00,00
b0929679,2008,02,15,00,30,00
b0929680,2008,02,15,01,04,00
b0929692,2008,02,15,01,31,00
b0929711,2008,02,15,02,00,00
b0929723,2008,02,15,02,29,00
b0929735,2008,02,15,03,58,00
b0929747,2008,02,15,04,32,00
b0929759,2008,02,15,05,02,00
b0929760,2008,02,15,05,32,00
b0929772,2008,02,15,06,02,00
b0929784,2008,02,15,06,31,00
b0929796,2008,02,15,07,02,00
b0929803,2008,02,15,07,32,00
b0929815,2008,02,15,08,03,00
b0929827,2008,02,15,08,32,00
b0929839,2008,02,15,09,00,00
b0929840,2008,02,15,09,31,00
b0929852,2008,02,15,10,30,00
b0929864,2008,02,15,10,59,00
b0929876,2008,02,15,11,31,00
b0930005,2009,02,02,11,00,00
b0930017,2009,02,02,11,31,00
b0930029,2009,02,02,12,04,00
b0930030,2009,02,02,12,31,00
b0930042,2009,02,02,13,02,00
b0930054,2009,02,02,13,32,00
b0930066,2009,02,02,14,02,00
b0930078,2009,02,02,14,31,00
b0930091,2009,02,02,15,02,00
b0930109,2009,02,02,15,30,00
b0930110,2009,02,02,16,01,00
b0930122,2009,02,02,16,31,00
b0930134,2009,02,02,17,01,00
b0930146,2009,02,02,18,32,00
b0930158,2009,02,02,19,00,00
b0930171,2009,02,02,19,32,00
b0930183,2009,02,02,20,02,00
b0930195,2009,02,02,20,33,00
b0930202,2009,02,02,21,02,00
b0930214,2009,02,02,21,33,00
b0930226,2009,02,02,22,04,00
b0930238,2009,02,02,22,31,00
b0930251,2009,02,02,23,02,00
b0930263,2009,02,02,23,32,00
b0930275,2009,02,03,00,01,00
b0930287,2009,02,03,00,31,00
b0930299,2009,02,03,01,01,00
b0930306,2009,02,03,01,31,00
b0930318,2009,02,03,02,00,00
b0930331,2009,02,03,02,31,00
b0930343,2009,02,03,03,00,00
b0930355,2009,02,03,03,30,00
b0930367,2009,02,03,04,00,00
b0930379,2009,02,03,04,31,00
b0930380,2009,02,03,05,00,00
b0930392,2009,02,03,05,30,00
b0930411,2009,02,03,06,00,00
b0930423,2009,02,03,06,31,00
b0930435,2009,02,03,07,01,00
b0930447,2009,02,03,07,31,00
b0930459,2009,02,03,08,00,00
b0930460,2009,02,03,08,31,00
b0930472,2009,02,03,09,01,00
b0930484,2009,02,03,09,31,00
b0930496,2009,02,03,10,01,00
b0930503,2009,02,03,10,31,00
b0930515,2009,02,03,11,00,00
b0930527,2009,02,03,11,31,00
b0930539,2009,02,03,11,59,00
b0930540,2009,02,03,16,13,00
b0930552,2009,02,03,16,36,00
b0930564,2009,02,03,17,01,00
b0930576,2009,02,03,17,31,00
b0930588,2009,02,03,18,01,00
b0930607,2009,02,03,18,31,00
b0930619,2009,02,03,19,01,00
b0930620,2009,02,03,19,29,00
b0930632,2009,02,03,20,01,00
b0930644,2009,02,03,20,31,00
b0930656,2009,02,03,21,01,00
b0930668,2009,02,03,21,31,00
b0930681,2009,02,03,22,01,00
b0930693,2009,02,03,22,31,00
b0930700,2009,02,03,23,00,00
b0930712,2009,02,03,23,32,00
b0930724,2009,02,04,00,00,00
b0930736,2009,02,04,00,30,00
b0930748,2009,02,04,01,00,00
b0930761,2009,02,04,01,30,00
b0930773,2009,02,04,02,01,00
b0930785,2009,02,04,02,31,00
b0930797,2009,02,04,03,01,00
b0930804,2009,02,04,03,30,00
b0930816,2009,02,04,04,00,00
b0930828,2009,02,04,04,31,00
b0930841,2009,02,04,05,00,00
b0930853,2009,02,04,05,31,00
b0930865,2009,02,04,06,00,00
b0930877,2009,02,04,06,30,00
b0930889,2009,02,04,07,01,00
b0930890,2009,02,04,07,30,00
b0930908,2009,02,04,08,00,00
b0930921,2009,02,04,08,32,00
b0930933,2009,02,04,09,01,00
b0930945,2009,02,04,09,30,00
b0930957,2009,02,04,10,01,00
b0930969,2009,02,04,10,30,00
b0930970,2009,02,04,11,01,00
b0930982,2009,02,04,11,32,00
b0930994,2009,02,04,12,03,00
b0931008,2009,02,04,12,30,00
b0931021,2009,02,04,13,01,00
b0931033,2009,02,04,13,31,00
b0931045,2009,02,04,14,01,00
b0931113,2009,03,03,12,31,00
b0931125,2009,03,03,13,01,00
b0931137,2009,03,03,13,32,00
b0931149,2009,03,03,14,02,00
b0931150,2009,03,03,14,30,00
b0931162,2009,03,03,15,01,00
b0931174,2009,03,03,15,31,00
b0931186,2009,03,03,16,00,00
b0931198,2009,03,03,16,31,00
b0931205,2009,03,03,17,07,00
b0931217,2009,03,03,17,32,00
b0931229,2009,03,03,18,04,00
b0931230,2009,03,03,18,34,00
b0931242,2009,03,03,19,03,00
b0931254,2009,03,03,19,34,00
b0931266,2009,03,03,20,03,00
b0931278,2009,03,03,20,34,00
b0931291,2009,03,03,21,02,00
b0931309,2009,03,03,21,32,00
b0931310,2009,03,03,22,02,00
b0931322,2009,03,03,22,34,00
b0931334,2009,03,03,23,02,00
b0931346,2009,03,03,23,32,00
b0931358,2009,03,04,00,00,00
b0931371,2009,03,04,00,31,00
b0931383,2009,03,04,00,59,00
b0931395,2009,03,04,01,31,00
b0931402,2009,03,04,02,01,00
b0931414,2009,03,04,02,31,00
b0931426,2009,03,04,03,01,00
b0931438,2009,03,04,03,30,00
b0931451,2009,03,04,04,01,00
b0931463,2009,03,04,04,31,00
b0931475,2009,03,04,05,00,00
b0931487,2009,03,04,05,31,00
b0931499,2009,03,04,06,02,00
b0931506,2009,03,04,06,33,00
b0931518,2009,03,04,07,03,00
b0931531,2009,03,04,13,02,00
b0931543,2009,03,04,13,33,00
b0931555,2009,03,04,14,01,00
b0931567,2009,03,04,14,31,00
b0931579,2009,03,04,15,02,00
b0931580,2009,03,04,15,30,00
b0931592,2009,03,04,16,02,00
b0931611,2009,03,04,16,31,00
b0931623,2009,03,04,17,00,00
b0931635,2009,03,04,17,31,00
b0931647,2009,03,04,18,02,00
b0931659,2009,03,04,18,31,00
b0931660,2009,03,04,19,02,00
b0931672,2009,03,04,19,32,00
b0931684,2009,03,04,20,02,00
b0931696,2009,03,04,20,32,00
b0931703,2009,03,04,21,01,00
b0931715,2009,03,04,21,32,00
b0931727,2009,03,04,22,02,00
b0931739,2009,03,04,22,31,00
b0931740,2009,03,04,23,02,00
b0931752,2009,03,04,23,32,00
b0931764,2009,03,05,00,00,00
b0931776,2009,03,05,00,31,00
b0931788,2009,03,05,01,00,00
b0931807,2009,03,05,01,30,00
b0931819,2009,03,05,02,08,00
b0931820,2009,03,05,02,32,00
b0931832,2009,03,05,03,01,00
b0931844,2009,03,05,03,31,00
b0931856,2009,03,05,04,00,00
b0931868,2009,03,05,04,30,00
b0931881,2009,03,05,05,01,00
b0931893,2009,03,05,05,30,00
b0931900,2009,03,05,06,02,00
b0931912,2009,03,05,06,32,00
b0931924,2009,03,05,07,02,00
b0931936,2009,03,05,07,31,00
b0931948,2009,03,05,08,03,00
b0931961,2009,03,05,08,32,00
b0931973,2009,03,05,09,02,00
b0931985,2009,03,05,09,32,00
b0931997,2009,03,05,10,02,00
b0932000,2009,03,05,10,32,00
b0932012,2009,03,05,11,01,00
b0932024,2009,03,05,11,31,00
b0932036,2009,03,05,11,59,00
b0932048,2009,03,05,12,32,00
b0932061,2009,03,05,13,00,00
b0932073,2009,03,05,13,30,00
b0932085,2009,03,05,13,59,00
b0937495,2007,04,16,10,59,00
b0937502,2007,04,16,14,47,00
b0937538,2007,04,19,10,34,00
b0937551,2007,04,19,12,05,00
b0937563,2007,04,19,13,22,00
b0937575,2007,04,19,14,10,00
b0937587,2007,04,19,14,54,00
b0937599,2007,04,19,15,32,00
b0937606,2007,04,19,16,14,00
b0937618,2007,04,19,16,52,00
b0937631,2007,04,19,17,34,00
b0937643,2007,04,19,18,22,00
b0937667,2007,04,19,19,33,00
b0937679,2007,04,19,20,13,00
b0937680,2007,04,19,20,57,00
b0937692,2007,04,19,21,46,00
b0937711,2007,04,19,22,29,00
b0937723,2007,04,19,23,11,00
b0937735,2007,04,19,23,52,00
b0937747,2007,04,20,00,32,00
b0937759,2007,04,20,01,12,00
b0937760,2007,04,20,01,55,00
b0937784,2007,04,20,03,12,00
b0937796,2007,04,20,03,50,00
b0937803,2007,04,20,04,31,00
b0937815,2007,04,20,05,09,00
b0937827,2007,04,20,05,48,00
b0937839,2007,04,20,06,29,00
b0937840,2007,04,20,07,15,00
b0937852,2007,04,20,08,00,00
b0937864,2007,04,20,08,44,00
b0937876,2007,04,20,09,29,00
b0937888,2007,04,16,21,35,00
b0937907,2007,04,16,22,01,00
b0937919,2007,04,16,22,31,00
b0937920,2007,04,16,23,00,00
b0937932,2007,04,16,23,30,00
b0937956,2007,04,17,03,03,00
b0937981,2007,04,17,04,01,00
b0937993,2007,04,17,04,33,00
b0938007,2007,04,17,05,03,00
b0938019,2007,04,17,05,32,00
b0938020,2007,04,17,06,02,00
b0938032,2007,04,17,06,32,00
b0938056,2007,04,17,10,10,00
b0938068,2007,04,17,10,31,00
b0938081,2007,04,17,11,01,00
b0938093,2007,04,17,11,32,00
b0938100,2007,04,17,12,02,00
b0938112,2007,04,17,14,42,00
b0938124,2007,04,17,15,01,00
b0938136,2007,04,17,15,33,00
b0938148,2007,04,18,16,01,00
b0938161,2007,04,18,16,30,00
b0938173,2007,04,18,17,00,00
b0938185,2007,04,18,17,32,00
b0938197,2007,04,18,18,01,00
b0938216,2007,04,18,19,03,00
b0938241,2007,04,18,20,06,00
b0938253,2007,04,18,21,02,00
b0938265,2007,04,18,21,35,00
b0938277,2007,04,18,22,02,00
b0938289,2007,04,18,22,32,00
b0938290,2007,04,18,23,02,00
b0938308,2007,04,18,23,32,00
b0938321,2007,04,19,00,03,00
b0938333,2007,04,19,00,32,00
b0938345,2007,04,19,04,30,00
b0938357,2007,04,19,04,59,00
b0938369,2007,04,19,05,30,00
b0938370,2007,04,19,06,01,00
b0938382,2007,04,19,06,33,00
b0941470,2007,05,17,19,35,00
b0941482,2007,05,15,10,37,00
b0941494,2007,05,15,15,00,00
b0941501,2007,05,15,15,30,00
b0941513,2007,05,15,16,00,00
b0941525,2007,05,15,16,30,00
b0941537,2007,05,15,17,01,00
b0941549,2007,05,15,17,31,00
b0941550,2007,05,15,18,00,00
b0941562,2007,05,15,18,32,00
b0941574,2007,05,15,19,03,00
b0941586,2007,05,15,19,34,00
b0941598,2007,05,15,20,03,00
b0941605,2007,05,15,20,30,00
b0941617,2007,05,15,21,03,00
b0941629,2007,05,15,21,33,00
b0941630,2007,05,15,22,03,00
b0941642,2007,05,15,22,32,00
b0941709,2007,05,16,01,00,00
b0941734,2007,05,16,03,00,00
b0941746,2007,05,16,03,31,00
b0941758,2007,05,16,03,59,00
b0941771,2007,05,16,04,29,00
b0941783,2007,05,16,05,00,00
b0941795,2007,05,16,05,31,00
b0941802,2007,05,16,06,00,00
b0941814,2007,05,16,06,29,00
b0941826,2007,05,16,07,03,00
b0941838,2007,05,16,07,30,00
b0941851,2007,05,16,08,00,00
b0941863,2007,05,16,08,28,00
b0941875,2007,05,16,09,01,00
b0941887,2007,05,16,09,31,00
b0941899,2007,05,16,10,02,00
b0941906,2007,05,16,10,30,00
b0941918,2007,05,16,11,01,00
b0941955,2007,05,16,12,31,00
b0941992,2007,05,16,15,00,00
b0942006,2007,05,16,15,31,00
b0942018,2007,05,16,15,59,00
b0942031,2007,05,16,17,24,00
b0942043,2007,05,16,18,08,00
b0942055,2007,05,16,18,47,00
b0942067,2007,05,16,19,24,00
b0942079,2007,05,16,20,03,00
b0942080,2007,05,16,20,57,00
b0942092,2007,05,16,21,37,00
b0942111,2007,05,16,22,18,00
b0942123,2007,05,16,22,57,00
b0942135,2007,05,16,23,43,00
b0942160,2007,05,17,01,36,00
b0942172,2007,05,17,02,15,00
b0942184,2007,05,17,02,58,00
b0942196,2007,05,17,03,38,00
b0942203,2007,05,17,04,13,00
b0942215,2007,05,17,04,53,00
b0942227,2007,05,17,05,33,00
b0942239,2007,05,17,06,12,00
b0942240,2007,05,17,06,51,00
b0942252,2007,05,17,08,25,00
b0942276,2007,05,17,09,46,00
b0942288,2007,05,17,12,57,00
b0942307,2007,05,17,13,42,00
b0942319,2007,05,17,14,26,00
b0942320,2007,05,17,15,07,00
b0942332,2007,05,17,15,45,00
b0942344,2007,05,17,16,20,00
b0942356,2007,05,17,17,00,00
b0942368,2007,05,17,17,38,00
b0942381,2007,05,17,18,19,00
b0942393,2007,05,17,18,58,00
b0942725,2007,06,20,09,54,00
b0942737,2007,06,20,13,46,00
b0942749,2007,06,20,14,38,00
b0942750,2007,06,20,15,20,00
b0942762,2007,06,20,15,59,00
b0942774,2007,06,20,16,35,00
b0942786,2007,06,20,17,13,00
b0942798,2007,06,20,18,01,00
b0942805,2007,06,20,18,40,00
b0942817,2007,06,20,19,21,00
b0942829,2007,06,20,20,01,00
b0942830,2007,06,20,20,41,00
b0942842,2007,06,20,21,23,00
b0942866,2007,06,20,22,44,00
b0942878,2007,06,20,23,23,00
b0942891,2007,06,21,00,05,00
b0942909,2007,06,21,00,43,00
b0942910,2007,06,21,01,28,00
b0942922,2007,06,21,02,10,00
b0942934,2007,06,21,02,54,00
b0942946,2007,06,21,03,36,00
b0942958,2007,06,21,04,19,00
b0942971,2007,06,21,05,00,00
b0942983,2007,06,21,05,43,00
b0942995,2007,06,21,06,23,00
b0943009,2007,06,21,06,59,00
b0943010,2007,06,21,07,38,00
b0943022,2007,06,21,08,16,00
b0943034,2007,06,21,08,59,00
b0943046,2007,06,21,09,28,00
b0943058,2007,06,21,11,45,00
b0943071,2007,06,21,14,31,00
b0943083,2007,06,21,15,12,00
b0943095,2007,06,21,15,53,00
b0943102,2007,06,21,16,30,00
b0943114,2007,06,21,17,08,00
b0943175,2007,07,26,10,25,00
b0943187,2007,07,26,14,56,00
b0943199,2007,07,26,15,50,00
b0943218,2007,07,26,17,23,00
b0943231,2007,07,26,18,06,00
b0943243,2007,07,26,18,49,00
b0943255,2007,07,26,19,48,00
b0943267,2007,07,26,21,08,00
b0943280,2007,07,26,22,41,00
b0943335,2007,07,27,01,37,00
b0943347,2007,07,27,02,25,00
b0943359,2007,07,27,03,10,00
b0943360,2007,07,27,04,06,00
b0943372,2007,07,27,04,56,00
b0943396,2007,07,27,06,37,00
b0943403,2007,07,27,07,46,00
b0943415,2007,07,27,08,29,00
b0943427,2007,07,27,09,09,00
b0943464,2007,07,27,12,05,00
b0943476,2007,07,27,17,40,00
b0943488,2007,07,27,23,11,00
b0943507,2007,07,27,23,54,00
b0943519,2007,07,28,00,34,00
b0943520,2007,07,28,01,14,00
b0943532,2007,07,28,01,52,00
b0943544,2007,07,28,02,33,00
b0943556,2007,07,28,03,17,00
b0943568,2007,08,29,11,12,00
b0943581,2007,08,29,14,09,00
b0943593,2007,08,29,16,19,00
b0943600,2007,08,29,17,03,00
b0943612,2007,08,29,17,41,00
b0943624,2007,08,29,18,20,00
b0943661,2007,08,29,20,36,00
b0943673,2007,08,29,21,19,00
b0943697,2007,08,29,22,43,00
b0943728,2007,08,30,00,44,00
b0943753,2007,08,30,02,16,00
b0943765,2007,08,30,03,03,00
b0943777,2007,08,30,03,46,00
b0943789,2007,08,30,04,25,00
b0943790,2007,08,30,05,04,00
b0943808,2007,08,30,05,46,00
b0943821,2007,08,30,06,29,00
b0943833,2007,08,30,08,06,00
b0943845,2007,08,30,08,58,00
b0943857,2007,08,30,09,39,00
b0943869,2007,08,30,10,35,00
b0943870,2007,08,30,11,27,00
b0943882,2007,08,30,12,20,00
b0943913,2007,08,30,15,05,00
b0943925,2007,08,30,15,45,00
b0943937,2007,08,30,16,26,00
b0943949,2007,08,30,17,06,00
b0943950,2007,08,30,19,02,00
b0943962,2007,08,30,20,31,00
b0945526,2007,10,03,11,13,00
b0945538,2007,10,03,13,17,00
b0945551,2007,10,03,15,04,00
b0945563,2007,10,03,15,49,00
b0945575,2007,10,03,16,29,00
b0945587,2007,10,03,17,11,00
b0945599,2007,10,03,18,03,00
b0945606,2007,10,03,18,47,00
b0945618,2007,10,03,19,32,00
b0945643,2007,10,03,21,05,00
b0945711,2007,10,04,02,23,00
b0945723,2007,10,04,03,14,00
b0945735,2007,10,04,04,28,00
b0945747,2007,10,04,05,18,00
b0945759,2007,10,04,06,47,00
b0945784,2007,10,04,09,36,00
b0945796,2007,10,04,10,18,00
b0945815,2007,10,04,14,34,00
b0945827,2007,10,04,15,27,00
b0945839,2007,10,04,16,16,00
b0945840,2007,10,04,17,13,00
b0945852,2007,10,04,17,56,00
b0945864,2007,10,04,18,35,00
b0945876,2007,10,04,19,22,00
b0945888,2007,10,04,20,03,00
b0945907,2007,10,04,20,49,00
b0946498,2007,11,21,12,18,00
b0946505,2007,11,21,13,54,00
b0946517,2007,11,21,14,42,00
b0946529,2007,11,21,15,26,00
b0946530,2007,11,21,16,18,00
b0946542,2007,11,21,18,37,00
b0946554,2007,11,21,19,20,00
b0946566,2007,11,21,21,40,00
b0946578,2007,11,21,22,44,00
b0946591,2007,11,21,23,30,00
b0946609,2007,11,22,00,19,00
b0946610,2007,11,22,01,15,00
b0946622,2007,11,22,02,11,00
b0946634,2007,11,22,02,54,00
b0946646,2007,11,22,03,38,00
b0946658,2007,11,22,04,22,00
b0946671,2007,11,22,05,05,00
b0946683,2007,11,22,07,08,00
b0946695,2007,11,22,08,02,00
b0946702,2007,11,22,11,51,00
b0946714,2008,01,10,16,50,00
b0946726,2008,01,10,17,38,00
b0946738,2008,01,10,18,19,00
b0946751,2008,01,10,19,47,00
b0946763,2008,01,10,22,43,00
b0946775,2008,01,10,23,30,00
b0946787,2008,01,11,00,12,00
b0946799,2008,01,11,00,57,00
b0946806,2008,01,11,01,41,00
b0946818,2008,01,11,02,24,00
b0946831,2008,01,11,03,16,00
b0946843,2008,01,11,04,14,00
b0946855,2008,01,11,05,07,00
b0946867,2008,01,11,06,42,00
b0946879,2008,01,11,10,46,00
b0946880,2008,01,11,12,07,00
b0946892,2008,01,11,14,03,00
b0946911,2008,01,11,15,14,00
b0946923,2008,03,13,11,01,00
b0946935,2008,03,13,11,31,00
b0946947,2008,03,13,12,00,00
b0946959,2008,03,13,12,30,00
b0946960,2008,03,13,12,59,00
b0946972,2008,03,13,18,45,00
b0946984,2008,03,13,21,52,00
b0946996,2008,03,13,22,48,00
b0947011,2008,03,13,23,48,00
b0947023,2008,03,14,00,35,00
b0947035,2008,03,14,01,28,00
b0947047,2008,03,14,02,15,00
b0947059,2008,03,14,03,04,00
b0947060,2008,03,14,04,01,00
b0947072,2008,03,14,04,45,00
b0947084,2008,03,14,05,52,00
b0947096,2008,03,14,06,40,00
b0947103,2008,03,14,07,57,00
b0947115,2008,03,14,11,31,00
b0947127,2008,03,14,13,43,00
b0947139,2008,03,14,15,36,00
b0947140,2008,03,14,19,34,00
b0947152,2008,03,15,07,39,00
b0947164,2008,03,15,08,23,00
b0947176,2008,03,15,09,06,00
b0947188,2008,03,15,09,46,00
b0947207,2008,03,15,10,24,00
b0947219,2008,03,15,11,30,00
b0947220,2008,03,15,12,10,00
b0947232,2008,03,15,13,00,00
b0947244,2008,04,16,09,26,00
b0947256,2008,04,16,13,32,00
b0947268,2008,04,16,16,36,00
b0947281,2008,04,16,17,32,00
b0947293,2008,04,16,18,34,00
b0947300,2008,04,16,19,21,00
b0947312,2008,04,16,20,04,00
b0947324,2008,04,16,20,50,00
b0947336,2008,04,16,21,36,00
b0947348,2008,04,16,22,20,00
b0947361,2008,04,16,23,03,00
b0947373,2008,04,17,00,11,00
b0947385,2008,04,17,02,40,00
b0947397,2008,04,17,06,12,00
b0947404,2008,04,17,13,42,00
b0947416,2008,04,17,15,29,00
b0947428,2008,04,17,16,22,00
b0947441,2008,05,13,12,09,00
b0947453,2008,05,13,14,13,00
b0947465,2008,05,13,16,02,00
b0947477,2008,05,13,16,31,00
b0947489,2008,05,13,17,03,00
b0947490,2008,05,13,17,31,00
b0947508,2008,05,13,18,05,00
b0947521,2008,05,13,18,32,00
b0947533,2008,05,13,19,02,00
b0947545,2008,05,13,19,30,00
b0947557,2008,05,13,20,04,00
b0947569,2008,05,13,20,33,00
b0947570,2008,05,13,21,02,00
b0947582,2008,05,13,21,32,00
b0947594,2008,05,13,22,01,00
b0947601,2008,05,13,22,30,00
b0947613,2008,05,13,23,01,00
b0947625,2008,05,13,23,33,00
b0947637,2008,05,14,00,00,00
b0947649,2008,05,14,00,29,00
b0947650,2008,05,14,01,03,00
b0947662,2008,05,14,01,32,00
b0947674,2008,05,14,02,03,00
b0947686,2008,05,14,02,31,00
b0947698,2008,05,14,03,02,00
b0947705,2008,05,14,03,30,00
b0947717,2008,05,14,04,01,00
b0947729,2008,05,14,04,28,00
b0947730,2008,05,14,05,01,00
b0947742,2008,05,14,05,46,00
b0947754,2008,05,14,06,02,00
b0947766,2008,05,14,06,28,00
b0947778,2008,05,14,07,04,00
b0947791,2008,05,14,07,29,00
b0947809,2008,05,14,08,00,00
b0947810,2008,05,14,08,31,00
b0947822,2008,05,14,09,01,00
b0947834,2008,05,14,09,34,00
b0947846,2008,05,14,10,00,00
b0947858,2008,05,14,10,28,00
b0947871,2008,05,14,11,01,00
b0947883,2008,05,14,11,31,00
b0947895,2008,05,14,12,02,00
b0947902,2008,05,14,12,32,00
b0947914,2008,05,14,13,03,00
b0947926,2008,05,14,13,33,00
b0947938,2008,05,14,14,02,00
b0947951,2008,05,14,14,37,00
b0947963,2008,05,14,15,03,00
b0947975,2008,05,14,15,32,00
b0947987,2008,05,14,16,03,00
b0947999,2008,05,14,16,33,00
b0948002,2008,05,14,17,05,00
b0948014,2008,05,14,18,20,00
b0948026,2008,05,14,19,16,00
b0948038,2008,05,14,20,10,00
b0948051,2008,05,14,21,03,00
b0948063,2008,05,14,21,58,00
b0948075,2008,05,14,23,08,00
b0948087,2008,05,15,00,07,00
b0948099,2008,05,15,01,07,00
b0948106,2008,05,15,02,12,00
b0948118,2008,05,15,03,16,00
b0948131,2008,05,15,04,16,00
b0948143,2008,05,15,05,21,00
b0948155,2008,05,15,06,19,00
b0948167,2008,05,15,07,16,00
b0948179,2008,05,15,08,12,00
b0948180,2008,05,15,09,10,00
b0948192,2008,05,15,10,04,00
b0948211,2008,05,15,11,04,00
b0948223,2008,05,15,11,59,00
b0948235,2008,05,15,13,00,00
b0948247,2008,05,15,14,00,00
b0948259,2008,05,15,15,50,00
b0948260,2008,05,15,16,33,00
b0948272,2008,05,15,17,37,00
b0948284,2008,05,15,18,23,00
b0948296,2008,05,15,19,16,00
b0948303,2008,05,15,20,16,00
b0948315,2008,05,15,21,15,00
b0948327,2008,05,15,22,12,00
b0948339,2008,05,15,23,06,00
b0948340,2008,05,16,00,08,00
b0948352,2008,05,16,01,10,00
b0948364,2008,05,16,02,17,00
b0948376,2008,05,16,03,19,00
b0948388,2008,05,16,04,23,00
b0948500,2008,06,25,10,49,00
b0948512,2008,06,25,12,02,00
b0948524,2008,06,25,13,16,00
b0948536,2008,06,25,15,12,00
b0948548,2008,06,25,16,09,00
b0948561,2008,06,25,16,49,00
b0948573,2008,06,25,17,51,00
b0948585,2008,06,25,20,03,00
b0948597,2008,06,25,20,44,00
b0948604,2008,06,25,21,32,00
b0948616,2008,06,25,22,23,00
b0948628,2008,06,25,23,10,00
b0948641,2008,06,25,23,56,00
b0948653,2008,06,26,00,45,00
b0948665,2008,06,26,01,24,00
b0948677,2008,06,26,02,10,00
b0948689,2008,06,26,02,53,00
b0948690,2008,06,26,03,35,00
b0948708,2008,06,26,04,33,00
b0948721,2008,06,26,05,18,00
b0948733,2008,06,26,06,57,00
b0948757,2008,06,26,17,19,00
b0949238,2008,07,30,09,39,00
b0949251,2008,07,30,15,23,00
b0949263,2008,07,30,16,19,00
b0949275,2008,07,30,17,09,00
b0949287,2008,07,30,17,49,00
b0949299,2008,07,30,18,31,00
b0949306,2008,07,30,19,12,00
b0949318,2008,07,30,20,10,00
b0949331,2008,07,30,20,58,00
b0949343,2008,07,30,21,47,00
b0949355,2008,07,30,22,41,00
b0949367,2008,07,30,23,30,00
b0949379,2008,07,31,00,19,00
b0949380,2008,07,31,01,04,00
b0949392,2008,07,31,01,50,00
b0949411,2008,07,31,02,34,00
b0949423,2008,07,31,03,19,00
b0949435,2008,07,31,04,03,00
b0949447,2008,07,31,04,47,00
b0949459,2008,07,31,05,34,00
b0949460,2008,07,31,06,23,00
b0949472,2008,07,31,07,10,00
b0949484,2008,07,31,08,01,00
b0949496,2008,07,31,09,22,00
b0949503,2008,07,31,09,58,00
b0949515,2008,07,31,10,04,00
b0949527,2008,07,31,10,45,00
b0949539,2008,07,31,10,55,00
b0949540,2008,07,31,11,29,00
b0949552,2008,07,31,12,16,00
b0949564,2008,07,31,13,08,00
b0949576,2008,07,31,13,59,00
b0949588,2008,07,31,14,44,00
b0949607,2008,07,31,15,25,00
b0949619,2008,07,31,16,18,00
b0949620,2008,07,31,17,07,00
b0949632,2008,07,31,18,00,00
b0949644,2008,07,31,18,49,00
b0949656,2008,07,31,19,37,00
b0949668,2008,10,22,14,50,00
b0949681,2008,10,22,16,39,00
b0949693,2008,10,22,17,31,00
b0949700,2008,10,22,18,22,00
b0949712,2008,10,22,19,05,00
b0949724,2008,10,22,19,46,00
b0949736,2008,10,22,20,25,00
b0949748,2008,10,22,21,10,00
b0949865,2008,12,10,11,07,00
b0949877,2008,12,10,12,11,00
b0949889,2008,12,10,13,17,00
b0949890,2008,12,10,16,21,00
b0949908,2008,12,10,17,45,00
b0949921,2008,12,10,18,49,00
b0949933,2008,12,10,19,34,00
b0949945,2008,12,10,20,20,00
b0949957,2008,12,10,21,15,00
b0949969,2008,12,10,22,14,00
b0949970,2008,12,10,23,14,00
b0949982,2008,12,11,00,08,00
b0949994,2008,12,11,00,55,00
b0950006,2008,12,11,01,43,00
b0950018,2008,12,11,02,40,00
b0950031,2008,12,11,03,27,00
b0950043,2008,12,11,04,16,00
b0950055,2008,12,11,05,03,00
b0950067,2008,12,11,05,44,00
b0950079,2008,12,11,06,25,00
b0950080,2008,12,11,07,04,00
b0950092,2008,12,11,08,24,00
b0950111,2008,12,11,09,30,00
b0950123,2008,12,11,12,27,00
b0950135,2008,12,11,14,31,00
b0950147,2008,12,11,15,28,00
b0950159,2008,12,11,16,22,00
b0950160,2008,12,11,19,07,00
b0950203,2009,02,05,08,36,00
b0950215,2009,02,05,12,10,00
b0950227,2009,02,05,12,54,00
b0950239,2009,02,05,14,27,00
b0950240,2009,02,05,17,05,00
b0950252,2009,02,05,17,49,00
b0950264,2009,02,05,18,40,00
b0950276,2009,02,05,19,30,00
b0950288,2009,02,05,20,14,00
b0950307,2009,02,05,21,05,00
b0950319,2009,02,05,21,49,00
b0950320,2009,02,05,22,32,00
b0950332,2009,02,05,23,12,00
b0950344,2009,02,05,23,54,00
b0950356,2009,02,06,00,38,00
b0950368,2009,02,06,01,27,00
b0950381,2009,02,06,02,15,00
b0950393,2009,02,06,03,06,00
b0950400,2009,02,06,03,51,00
b0950412,2009,02,06,04,41,00
b0950424,2009,02,06,05,25,00
b0950436,2009,02,06,06,09,00
b0950448,2009,02,06,06,54,00
b0950461,2009,02,06,07,29,00
b0950473,2009,02,06,09,07,00
b0950485,2009,02,06,09,50,00
b0950497,2009,02,06,10,32,00
b0950504,2009,02,06,11,17,00
b0950516,2009,02,06,12,11,00
b0950528,2009,02,06,13,06,00
b0950541,2009,02,06,13,51,00
b0950553,2009,02,06,14,31,00
b0950565,2009,02,06,15,13,00
b0950577,2009,02,06,15,53,00
b0950589,2009,02,05,10,57,00
b0951218,2009,04,01,06,22,00
b0951231,2009,04,01,09,08,00
b0951243,2009,04,01,11,20,00
b0951255,2009,04,01,12,19,00
b0951267,2009,04,01,13,07,00
b0951279,2009,04,01,13,55,00
b0951280,2009,04,01,14,46,00
b0951292,2009,04,01,15,30,00
b0951311,2009,04,01,16,16,00
b0951323,2009,04,01,17,02,00
b0951335,2009,04,01,17,55,00
b0951347,2009,04,01,18,41,00
b0951359,2009,04,01,19,27,00
b0951360,2009,04,01,20,14,00
b0951372,2009,04,01,20,59,00
b0951384,2009,04,01,21,41,00
b0951396,2009,04,01,22,23,00
b0951403,2009,04,01,23,06,00
b0951415,2009,04,01,23,54,00
b0951427,2009,04,02,00,45,00
b0951439,2009,04,02,01,40,00
b0951440,2009,04,02,02,29,00
b0951452,2009,04,02,03,15,00
b0951464,2009,04,02,03,57,00
b0951476,2009,04,02,04,44,00
b0951488,2009,04,02,05,32,00
b0951507,2009,04,02,06,11,00
b0951519,2009,04,02,07,39,00
b0951520,2009,04,02,09,21,00
b0951532,2009,04,02,10,05,00
b0951544,2009,04,02,10,50,00
b0951556,2009,04,02,11,38,00
b0951568,2009,04,02,12,20,00
b0951581,2009,04,02,12,55,00
b0951593,2009,04,02,13,36,00
b0951600,2009,04,02,14,13,00
b0951612,2009,04,02,14,50,00
b0953495,2009,05,12,05,21,00
b0953502,2009,05,12,09,53,00
b0953514,2009,05,12,11,40,00
b0953526,2009,05,12,12,33,00
b0953538,2009,05,12,13,16,00
b0953551,2009,05,12,13,55,00
b0953563,2009,05,12,14,35,00
b0953575,2009,05,12,15,11,00
b0953587,2009,05,12,15,49,00
b0953599,2009,05,12,16,33,00
b0953606,2009,05,12,17,42,00
b0953618,2009,05,12,18,30,00
b0953631,2009,05,12,19,20,00
b0953643,2009,05,12,20,06,00
b0953655,2009,05,12,20,48,00
b0953667,2009,05,12,21,29,00
b0953679,2009,05,12,22,13,00
b0953680,2009,05,12,22,58,00
b0953692,2009,05,12,23,45,00
b0953711,2009,05,13,00,33,00
b0953723,2009,05,13,01,22,00
b0953735,2009,05,13,03,14,00
b0953747,2009,05,13,04,04,00
b0953759,2009,05,13,04,47,00
b0953760,2009,05,13,05,18,00
b0953772,2009,05,13,09,05,00
b0953784,2009,05,13,09,39,00
b0953796,2009,05,13,10,26,00
b0953803,2009,05,13,11,24,00
b0953815,2009,05,13,12,13,00
b0953827,2009,05,13,13,02,00
b0953839,2009,05,13,13,49,00
b0953840,2009,05,13,16,03,00
b0953852,2009,05,13,16,50,00
b0953864,2009,05,13,17,33,00
b0953876,2009,05,14,06,13,00
b0969504,2007,03,16,02,59,00
b0969516,2007,03,13,09,54,00
b0969528,2007,03,16,03,29,00
b0969541,2007,03,16,04,00,00
b0969553,2007,03,16,04,30,00
b0969565,2007,03,16,05,03,00
b0969577,2007,03,16,05,31,00
b0969589,2007,03,16,06,04,00
b0969590,2007,03,16,06,32,00
b0969608,2007,03,16,07,02,00
b0969621,2007,03,16,07,31,00
b0969633,2007,03,16,08,04,00
b0969645,2007,03,16,08,31,00
b0969657,2007,03,16,09,01,00
b0969669,2007,03,16,09,31,00
b0969670,2007,03,16,10,02,00
b0969682,2007,03,13,11,30,00
b0969694,2007,03,13,15,10,00
b0969701,2007,03,13,15,33,00
b0969713,2007,03,13,15,59,00
b0969725,2007,03,13,16,30,00
b0969737,2007,03,13,17,01,00
b0969749,2007,03,13,17,30,00
b0969750,2007,03,13,18,00,00
b0969762,2007,03,13,18,32,00
b0969774,2007,03,13,19,01,00
b0969786,2007,03,13,19,34,00
b0969798,2007,03,13,20,04,00
b0969805,2007,03,13,20,31,00
b0969817,2007,03,13,21,05,00
b0969829,2007,03,13,21,31,00
b0969830,2007,03,13,22,01,00
b0969842,2007,03,13,22,33,00
b0969854,2007,03,13,23,02,00
b0969866,2007,03,13,23,33,00
b0969878,2007,03,14,00,02,00
b0969891,2007,03,14,00,32,00
b0969909,2007,03,14,01,02,00
b0969910,2007,03,14,01,33,00
b0969922,2007,03,14,02,03,00
b0969934,2007,03,14,02,33,00
b0969946,2007,03,14,03,02,00
b0969958,2007,03,14,03,29,00
b0969971,2007,03,14,04,01,00
b0969983,2007,03,14,04,30,00
b0969995,2007,03,14,05,02,00
b0970007,2007,03,14,05,30,00
b0970019,2007,03,14,06,00,00
b0970020,2007,03,14,06,30,00
b0970032,2007,03,14,07,01,00
b0970044,2007,03,14,07,30,00
b0970056,2007,03,14,08,01,00
b0970068,2007,03,14,08,31,00
b0970081,2007,03,14,09,03,00
b0970093,2007,03,14,09,32,00
b0970100,2007,03,14,10,01,00
b0970112,2007,03,14,10,32,00
b0970124,2007,03,14,11,03,00
b0970136,2007,03,14,11,31,00
b0970148,2007,03,14,12,03,00
b0970161,2007,03,14,12,34,00
b0970173,2007,03,14,13,04,00
b0970185,2007,03,14,13,32,00
b0970197,2007,03,14,14,02,00
b0970204,2007,03,14,14,33,00
b0970216,2007,03,14,15,00,00
b0970228,2007,03,14,15,30,00
b0970241,2007,03,15,11,12,00
b0970253,2007,03,15,11,31,00
b0970265,2007,03,15,12,00,00
b0970277,2007,03,15,12,32,00
b0970289,2007,03,15,13,01,00
b0970290,2007,03,15,13,30,00
b0970308,2007,03,15,14,00,00
b0970321,2007,03,15,14,32,00
b0970333,2007,03,15,15,00,00
b0970345,2007,03,15,15,32,00
b0970357,2007,03,15,16,01,00
b0970369,2007,03,15,16,30,00
b0970370,2007,03,15,17,02,00
b0970382,2007,03,15,17,32,00
b0970394,2007,03,15,18,02,00
b0970401,2007,03,15,18,33,00
b0970413,2007,03,15,19,01,00
b0970425,2007,03,15,19,31,00
b0970437,2007,03,15,20,03,00
b0970449,2007,03,15,20,31,00
b0970450,2007,03,15,21,02,00
b0970462,2007,03,15,21,32,00
b0970474,2007,03,15,22,02,00
b0970486,2007,03,15,22,32,00
b0970498,2007,03,15,23,00,00
b0970505,2007,03,15,23,32,00
b0970517,2007,03,15,23,59,00
b0970529,2007,03,16,00,32,00
b0970530,2007,03,16,01,00,00
b0970542,2007,03,16,01,30,00
b0970554,2007,03,16,01,59,00
b0970566,2007,03,16,02,30,00
b0970578,2007,03,16,10,32,00
b0970591,2007,03,16,11,00,00
b0970609,2007,03,16,11,31,00
b0970610,2007,03,16,12,00,00
b0979037,2007,02,14,11,31,00
b0979049,2007,02,14,18,42,00
b0979050,2007,02,14,19,54,00
b0979062,2007,02,14,20,30,00
b0979074,2007,02,14,21,15,00
b0979086,2007,02,14,21,56,00
b0979098,2007,02,14,22,37,00
b0979105,2007,02,14,23,31,00
b0979117,2007,02,15,00,26,00
b0979129,2007,02,15,01,07,00
b0979130,2007,02,15,01,51,00
b0979142,2007,02,15,02,39,00
b0979154,2007,02,15,03,22,00
b0979166,2007,02,15,04,01,00
b0979178,2007,02,15,04,46,00
b0979191,2007,02,15,05,31,00
b0979209,2007,02,15,06,08,00
b0979210,2007,02,15,06,55,00
b0979222,2007,02,15,09,58,00
b0979234,2007,02,15,14,36,00
b0979246,2007,02,15,15,19,00
b0979258,2007,02,15,16,02,00
b0979271,2007,02,15,17,26,00
b0979283,2007,02,15,22,57,00
b0979295,2007,02,15,23,47,00
b0979302,2007,02,16,00,54,00
b0979314,2007,02,16,01,33,00
b0979326,2007,02,16,02,15,00
b0979338,2007,02,16,03,00,00
b0979351,2007,02,16,03,43,00
b0979363,2007,02,16,04,24,00
b0979375,2007,02,16,05,02,00
b0979387,2007,02,16,05,47,00
b0979399,2007,02,16,06,29,00
b0979406,2007,02,16,07,06,00
b1012858,2006,11,01,12,33,00
b1012871,2006,11,01,15,28,00
b1012883,2006,11,01,16,11,00
b1012895,2006,11,01,16,58,00
b1012902,2006,11,01,17,39,00
b1012914,2006,11,01,18,19,00
b1012926,2006,11,01,19,10,00
b1012938,2006,11,01,19,45,00
b1012951,2006,11,01,20,26,00
b1012963,2006,11,01,21,03,00
b1012975,2006,11,01,21,36,00
b1012987,2006,11,01,22,19,00
b1012999,2006,11,01,23,00,00
b1013002,2006,11,01,23,35,00
b1013014,2006,11,02,00,11,00
b1013026,2006,11,02,00,45,00
b1013038,2006,11,02,01,19,00
b1013051,2006,11,02,01,57,00
b1013063,2006,11,02,02,33,00
b1013075,2006,11,02,03,09,00
b1013087,2006,11,02,03,49,00
b1013099,2006,11,02,04,26,00
b1013106,2006,11,02,05,24,00
b1013118,2006,11,02,06,18,00
b1013131,2006,11,02,06,54,00
b1013143,2006,11,02,08,39,00
b1013155,2006,11,02,09,19,00
b1013167,2006,11,02,09,55,00
b1013179,2006,11,02,10,38,00
b1013180,2006,11,02,11,14,00
b1013192,2006,11,02,11,45,00
b1013223,2006,11,02,13,52,00
b1013235,2006,11,02,15,04,00
b1013247,2006,11,02,15,40,00
b1013259,2006,11,02,16,17,00
b1022982,2009,06,17,07,10,00
b1022994,2009,06,17,08,35,00
b1023008,2009,06,17,09,27,00
b1023021,2009,06,17,12,05,00
b1023033,2009,06,17,13,05,00
b1023045,2009,06,17,14,06,00
b1023057,2009,06,17,15,02,00
b1023069,2009,06,17,15,42,00
b1023070,2009,06,17,16,20,00
b1023082,2009,06,17,17,01,00
b1023094,2009,06,17,17,46,00
b1023101,2009,06,17,18,32,00
b1023113,2009,06,17,19,19,00
b1023125,2009,06,17,19,57,00
b1023137,2009,06,17,20,46,00
b1023149,2009,06,17,21,35,00
b1023150,2009,06,17,22,21,00
b1023162,2009,06,17,23,13,00
b1023174,2009,06,18,00,06,00
b1023186,2009,06,18,00,56,00
b1023198,2009,06,18,01,44,00
b1023205,2009,06,18,02,25,00
b1023217,2009,06,18,03,08,00
b1023229,2009,06,18,03,54,00
b1023230,2009,06,18,04,38,00
b1023242,,,,,,
b1023309,2009,08,02,19,47,00
b1023310,2009,08,02,20,39,00
b1023322,2009,08,02,21,25,00
b1023334,2009,08,02,22,17,00
b1023346,2009,08,02,23,05,00
b1023358,2009,08,02,23,53,00
b1023371,2009,08,03,00,44,00
b1023383,2009,08,03,01,35,00
b1023395,2009,08,03,02,20,00
b1023402,2009,08,03,05,18,00
b1023414,2009,08,03,07,54,00
b1023426,2009,08,03,08,41,00
b1023438,2009,08,03,09,21,00
b1023451,2009,08,03,10,19,00
b1023463,2009,08,03,11,37,00
b1023475,2009,08,03,13,57,00
b1023487,2009,08,03,14,35,00
b1023499,2009,08,03,15,21,00
b1023506,2009,08,03,16,09,00
b1023518,2009,08,03,16,52,00
b1023531,2009,08,03,17,44,00
b1023543,2009,08,03,18,38,00
b1023555,2009,08,03,19,22,00
b1023567,2009,08,03,20,04,00
b1023579,2009,08,03,20,46,00
b1023580,2009,08,03,21,27,00
b1023592,2009,08,03,22,17,00
b1023611,2009,08,03,23,03,00
b1023623,2009,08,03,23,50,00
b1023635,2009,08,04,00,37,00
b1023647,2009,08,04,01,20,00
b1023659,2009,08,04,02,24,00
b1023660,2009,08,04,03,33,00
b1026854,2009,03,23,07,20,00
b1026934,2009,03,25,12,00,00
b1028431,2009,11,14,15,47,00
b1028443,2009,11,14,18,30,00
b1028615,2009,11,20,05,59,00
b1028627,2009,11,20,09,07,00
b1028639,2009,11,20,14,37,00
b1028640,2009,11,20,16,57,00
b1028652,2009,11,20,19,40,00
b1028664,2009,11,21,05,56,00
b1032374,2009,11,03,10,18,00
b1032386,2009,11,03,11,17,00
b1032398,2009,11,03,12,04,00
b1032405,2009,11,03,12,19,00
b1032417,2009,11,03,15,13,00
b1032429,2009,11,03,15,51,00
b1032430,2009,11,03,16,19,00
b1032442,2009,11,03,16,43,00
b1032454,2009,11,03,19,00,00
b1033710,2009,11,03,10,18,00
b1033722,2009,11,03,11,17,00
b1033734,2009,11,03,12,04,00
b1033746,2009,11,03,12,19,00
b1033758,2009,11,03,15,13,00
b1033771,2009,11,03,15,51,00
b1033783,2009,11,03,16,19,00
b1033795,2009,11,03,16,43,00
b1033802,2009,11,03,19,00,00
b1047533,2009,12,01,09,18,00
b1047545,2009,12,09,09,30,00
b1047557,2009,12,15,09,38,00
b1047569,2009,12,21,09,10,00
b1047570,2010,01,04,10,04,00
b1047582,2010,02,01,09,40,00
b1047594,2010,02,15,10,00,00
b1047601,2010,02,25,09,56,00
b1047613,2010,03,01,10,11,00
b1047625,2010,04,28,09,45,00
b1047637,2009,08,11,15,19,00
b1047649,2009,09,01,09,55,00
b1047650,2009,09,07,08,14,00
b1047662,2009,09,14,09,55,00
b1047674,2009,09,21,09,56,00
b1047686,2009,09,22,08,21,00
b1047698,2009,09,30,13,55,00
b1047705,2009,09,30,08,00,00
b1047717,2009,10,07,09,12,00
b1047729,2009,10,12,08,47,00
b1047730,2009,10,13,11,38,00
b1047742,2009,10,19,09,36,00
b1047754,2009,10,26,10,32,00
b1047766,2009,11,09,09,36,00
b1047778,2010,01,11,09,55,00
b1047791,2010,01,18,09,17,00
b1047809,2010,01,26,11,08,00
b1047810,2010,01,27,09,43,00
b1047822,2010,03,08,10,00,00
b1047834,2010,03,15,11,15,00
b1047846,2010,03,17,11,48,00
b1047858,2010,04,07,08,52,00
b1047871,2010,04,12,09,06,00
b1047883,2010,04,19,08,33,00
b1047895,2010,04,26,09,05,00
b1047902,2010,05,04,08,37,00
b1047914,2010,05,10,08,28,00
b1047926,2010,05,11,09,16,00
b1047938,2010,05,17,08,23,00
b1047951,2010,05,24,08,34,00
b1047963,2010,06,02,08,21,00
b1047975,2010,06,07,08,58,00
b1047987,2010,06,14,08,09,00
b1047999,2010,06,17,09,11,00
b1048002,2010,06,21,08,29,00
b1048014,2010,06,28,10,07,00
b1048026,2010,06,29,07,39,00
b1048038,2010,07,06,08,42,00
b1048051,2010,07,12,08,42,00
b1048063,2010,07,19,09,19,00
b1048075,2010,07,20,10,13,00
b1048087,2010,07,26,07,00,00
b1048099,2010,08,03,09,11,00
b1048106,2010,08,11,08,17,00
b1048118,2010,08,16,08,23,00
b1048131,2010,08,17,09,29,00
b1048143,2010,08,31,08,31,00
b1048155,2010,09,01,09,31,00
b1048167,2010,09,06,08,25,00
b1048179,2010,09,13,08,30,00
b1048180,2010,09,20,08,50,00
b1048192,2010,09,21,09,38,00
b1048211,2010,09,27,08,32,00
b1048223,2010,10,04,08,23,00
b1048235,2010,10,13,08,11,00
b1048247,2010,10,14,09,51,00
b1048259,2010,10,18,08,31,00
b1048260,2010,10,25,08,02,00
b1048272,2010,11,01,09,19,00
b1048284,2010,11,10,08,45,00
b1048296,2010,11,15,10,37,00
b1048303,2010,11,16,09,23,00
b1048315,2010,11,22,09,44,00
b1048327,2010,11,30,09,26,00
b1048339,2010,12,06,09,37,00
b1048340,2010,12,13,09,09,00
b1048352,2010,12,14,10,23,00
b1048364,2010,12,21,09,45,00
b1054449,2004,05,30,11,40,00
b1054855,2004,09,19,01,56,00
b1054867,2004,09,19,03,14,00
b1069147,2000,05,06,09,11,00
b1069657,2000,09,14,09,58,00
b1081367,2011,09,30,03,35,00
b1084771,2005,02,02,11,35,00
b1084783,2005,03,08,11,06,00
b1084795,2005,03,30,10,16,00
b1084802,2005,05,11,10,25,00
b1084814,2005,06,08,10,56,00
b1084826,2005,06,20,09,07,00
b1084838,2005,07,13,10,32,00
b1084851,2005,08,10,10,39,00
b1084863,2005,08,31,10,37,00
b1084875,2005,09,14,10,07,00
b1084887,2005,09,28,10,36,00
b1084899,2005,11,18,11,14,00
b1084906,2006,01,18,10,56,00
b1084918,2006,02,08,11,56,00
b1084931,2006,03,01,11,14,00
b1084943,2006,03,15,11,02,00
b1084955,2006,10,10,07,45,00
b1084967,2006,11,01,11,25,00
b1084979,2007,02,06,11,12,00
b1084980,2007,03,13,10,43,00
b1084992,2002,01,07,10,00,26
b1085006,2002,01,14,10,00,48
b1085018,2002,02,12,11,05,00
b1085031,2002,03,04,09,55,00
b1085043,2002,04,02,15,32,00
b1085055,2002,04,15,09,01,00
b1085067,2002,04,22,09,08,00
b1085079,2002,05,01,08,55,00
b1085080,2002,05,07,09,08,00
b1085092,2002,05,16,09,35,00
b1085111,2002,05,27,09,46,00
b1085123,2002,06,11,08,51,00
b1085135,2002,06,18,09,00,00
b1085147,2002,06,24,08,55,00
b1085159,2002,07,01,08,58,00
b1085160,2002,07,09,10,19,00
b1085172,2002,07,15,08,57,00
b1085184,2002,07,22,10,08,00
b1085196,2002,07,29,09,27,00
b1085203,2002,08,05,09,19,00
b1085215,2002,08,07,10,09,00
b1085227,2002,08,12,09,12,00
b1085239,2002,08,28,09,16,00
b1085240,2002,09,02,09,15,00
b1085252,2002,09,09,09,19,00
b1085264,2002,09,16,09,36,00
b1085276,2002,09,30,09,07,00
b1085288,2002,10,07,09,30,00
b1085307,2002,10,14,09,29,00
b1085319,2002,10,28,11,22,00
b1085320,2002,11,04,11,26,00
b1085332,2002,11,18,10,21,00
b1085344,2002,11,25,10,13,00
b1085356,2002,12,03,10,06,00
b1085368,2003,01,06,10,23,00
b1085381,2003,01,13,09,52,00
b1085393,2003,01,22,09,47,00
b1085400,2003,01,27,10,16,00
b1085412,2003,02,03,10,15,00
b1085424,2003,03,25,10,32,00
b1085436,2003,03,27,10,41,00
b1085448,2003,03,31,08,58,00
b1085461,2003,04,02,08,56,00
b1085473,2003,04,07,09,19,00
b1085485,2003,04,09,08,12,00
b1085497,2003,04,14,09,14,00
b1085504,2003,04,22,09,04,00
b1085516,2003,05,07,10,30,00
b1085528,2003,05,12,09,31,00
b1085541,2003,05,13,12,21,00
b1085553,2003,05,19,08,35,00
b1085565,2003,05,28,09,14,00
b1085577,2003,06,02,08,58,00
b1085589,2003,06,05,10,14,00
b1085590,2003,06,09,09,20,00
b1085608,2003,06,12,10,56,11
b1085621,2003,06,16,10,48,00
b1085633,2003,06,20,11,08,00
b1085645,2003,06,23,09,48,00
b1085657,2003,06,30,09,16,00
b1085669,2003,07,01,09,51,00
b1085670,2003,07,03,10,45,00
b1085682,2003,07,07,09,18,00
b1085694,2003,07,14,09,13,00
b1085701,2003,07,21,10,03,00
b1085713,2003,08,20,09,15,00
b1085725,2003,08,27,09,19,00
b1085737,2003,08,29,14,17,00
b1085749,2003,09,11,09,12,00
b1085750,2003,09,15,08,57,00
b1085762,2003,09,17,11,03,00
b1085774,2003,09,24,09,04,00
b1085786,2003,09,29,09,09,00
b1085798,2003,10,21,08,47,00
b1085805,2003,10,27,09,46,00
b1085817,2003,11,06,10,35,00
b1085829,2003,11,10,09,58,00
b1085830,2003,11,24,10,03,00
b1085842,2003,12,10,11,25,00
b1085854,2003,12,15,09,32,00
b1085866,2004,01,21,09,41,00
b1085878,2004,02,16,09,46,00
b1085891,2004,03,01,09,51,00
b1085909,2004,03,08,09,31,00
b1085910,2004,03,17,09,28,00
b1085922,2004,03,29,08,48,00
b1085934,2004,06,30,09,19,00
b1085946,2004,07,06,09,19,00
b1085958,2004,07,21,09,02,00
b1085971,2004,08,02,08,09,00
b1085983,2004,12,13,10,20,00
b1085995,2004,12,20,09,39,00
b1086009,2005,01,06,09,53,00
b1086010,2005,01,24,09,45,00
b1086022,2005,01,31,09,26,00
b1086034,2005,02,15,09,10,00
b1086046,2005,02,22,08,37,00
b1086058,2005,02,28,10,43,00
b1086071,2005,03,07,09,42,00
b1086083,2005,03,15,07,42,00
b1086095,2005,03,21,09,29,00
b1086102,2005,03,29,08,42,00
b1086114,2005,04,01,11,03,00
b1086126,2005,04,11,08,35,00
b1086138,2005,04,26,08,07,00
b1086151,2005,05,04,08,57,00
b1086163,2005,05,09,09,39,00
b1086175,2005,05,16,08,35,00
b1086187,2005,05,25,10,01,00
b1086199,2005,06,01,08,42,00
b1086206,2005,06,06,08,19,00
b1086218,2005,06,13,08,31,00
b1086231,2005,06,20,08,48,00
b1086243,2005,06,27,08,38,00
b1086255,2005,07,04,09,20,00
b1086267,2005,07,11,08,51,00
b1086279,2005,07,25,08,37,00
b1086280,2005,08,01,08,50,00
b1086292,2005,08,08,08,33,00
b1086311,2005,08,15,09,48,00
b1086323,2005,08,30,08,56,00
b1086335,2005,09,05,08,44,00
b1086347,2005,09,12,08,30,00
b1086359,2005,09,19,09,32,00
b1086360,2005,09,26,08,34,00
b1086372,2005,10,03,08,30,00
b1086384,2005,10,10,08,29,00
b1086396,2005,10,17,08,38,00
b1086403,2005,11,15,09,04,00
b1086415,2005,11,22,09,02,00
b1086427,2005,11,28,09,37,00
b1086439,2005,12,05,09,52,00
b1086440,2005,12,12,09,34,00
b1086452,2005,12,19,09,19,00
b1086464,2006,01,03,09,17,00
b1086476,2006,01,09,09,29,00
b1086488,2006,01,16,09,28,00
b1086507,2006,01,23,09,38,00
b1086519,2006,02,02,10,00,00
b1086520,2006,02,06,09,53,00
b1086532,2006,02,13,09,47,00
b1086544,2006,02,27,09,54,00
b1086556,2006,03,06,09,29,00
b1086568,2006,03,15,14,44,00
b1086581,2006,03,20,10,13,00
b1086593,2006,03,29,08,44,00
b1086600,2006,04,03,08,39,00
b1086612,2006,05,04,08,37,00
b1086624,2006,05,08,09,03,00
b1086636,2006,05,23,08,13,00
b1086648,2006,06,06,08,29,00
b1086661,2006,06,12,08,36,00
b1086673,2006,06,20,08,58,00
b1086685,2006,06,27,06,10,00
b1086697,2006,07,03,08,20,00
b1086704,2006,07,10,09,08,00
b1086716,2006,08,07,08,23,00
b1086728,2006,08,14,08,40,00
b1086741,2006,08,29,08,43,00
b1086753,2006,09,04,09,33,00
b1086765,2006,09,12,08,50,00
b1086777,2006,09,25,09,05,00
b1086789,2006,10,03,07,21,00
b1086790,2006,10,30,09,54,00
b1086808,2006,11,06,10,45,00
b1086821,2006,12,18,11,12,00
b1086833,2007,01,22,10,50,00
b1086845,2007,01,29,09,07,00
b1086857,2007,02,05,09,57,00
b1086869,2007,03,20,11,02,00
b1086870,2007,03,26,09,53,00
b1086882,2002,06,26,11,06,00
b1086894,2002,07,17,10,25,00
b1086901,2002,08,14,10,55,00
b1086913,2002,10,02,10,50,00
b1086925,2002,10,31,12,05,00
b1086937,2002,12,13,12,14,00
b1086949,2003,01,24,12,44,00
b1086950,2003,02,13,06,10,00
b1086962,2003,03,21,12,32,00
b1086974,2003,04,23,11,22,00
b1086986,2003,05,14,10,56,00
b1086998,2003,06,04,11,00,00
b1087001,2003,06,11,11,43,00
b1087013,2003,06,18,10,50,00
b1087025,2003,06,25,10,20,00
b1087037,2003,07,02,10,49,00
b1087049,2003,07,09,11,20,00
b1087050,2003,08,06,10,41,00
b1087062,2003,09,09,10,32,00
b1087074,2004,08,03,11,07,00
b1087086,2004,08,26,09,36,00
b1087098,2004,11,02,11,10,00
b1087105,2004,12,08,11,31,00
b1087117,2003,02,10,03,10,00
b1087129,2003,02,17,10,11,00
b1087130,2003,03,11,09,58,00
b1087142,2003,03,17,10,05,00
b1087154,2003,03,21,15,10,00
b1087166,2003,07,28,09,10,00
b1087178,2003,07,30,09,48,00
b1087191,2003,08,01,09,17,00
b1087209,2003,08,04,09,24,00
b1087210,2003,08,11,08,50,00
b1087222,2004,04,13,08,54,00
b1087234,2004,04,22,09,03,00
b1087246,2004,04,26,08,41,00
b1087258,2004,05,10,08,13,00
b1087271,2004,05,17,09,28,00
b1087283,2004,05,24,08,23,00
b1087295,2004,06,02,09,30,00
b1087302,2004,06,07,08,10,00
b1087314,2004,06,14,08,33,00
b1087326,2004,06,21,08,42,00
b1087338,2004,08,16,10,14,00
b1087351,2004,08,25,08,37,00
b1087363,2004,08,31,09,07,00
b1087375,2004,09,06,08,49,00
b1087387,2004,10,18,09,37,00
b1087399,2004,10,26,08,45,00
b1087406,2004,11,01,09,40,00
b1087418,2004,11,09,09,58,00
b1087431,2004,11,16,09,33,00
b1087443,2004,11,23,09,52,00
b1087455,2004,11,29,10,06,00
b1087467,2004,12,06,09,34,00
b1087479,2002,05,16,21,15,00
b1087480,2011,01,18,10,13,00
b1087492,2011,03,08,10,40,00
b1087511,2011,03,21,10,32,00
b1087523,2011,04,07,08,50,00
b1087535,2011,04,19,09,59,00
b1087547,2011,05,17,09,00,00
b1087559,2011,06,02,09,07,00
b1087560,2011,06,28,09,07,00
b1087572,2011,07,14,08,47,00
b1087584,2011,08,09,08,49,00
b1087596,2011,09,22,08,55,00
b1087603,2011,11,07,10,36,00
b1087615,2011,11,22,10,23,00
b1087627,2011,01,06,08,40,00
b1087639,2011,01,17,09,23,00
b1087640,2011,01,25,09,25,00
b1087664,2011,02,08,08,56,00
b1087676,2011,02,22,08,10,00
b1087688,2011,03,07,08,31,00
b1087707,2011,03,14,08,59,00
b1087719,2011,03,22,08,56,00
b1087720,2011,03,28,08,11,00
b1087732,2011,04,06,07,51,00
b1087744,2011,04,11,08,35,00
b1087756,2011,04,18,08,37,00
b1087768,2011,04,26,08,22,00
b1087781,2011,05,11,08,33,00
b1087793,2011,05,16,08,33,00
b1087800,2011,05,24,08,41,00
b1087812,2011,06,01,08,55,00
b1087824,2011,06,06,08,50,00
b1087836,2011,06,14,08,20,00
b1087848,2011,06,20,08,51,00
b1087861,2011,06,27,09,22,00
b1087873,2011,07,04,07,52,00
b1087885,2011,07,11,08,45,00
b1087897,2011,07,19,08,50,00
b1087904,2011,07,25,08,29,00
b1087916,2011,08,01,08,25,00
b1087928,2011,08,08,08,14,00
b1087941,2011,08,15,08,00,00
b1087953,2011,08,22,07,56,00
b1087965,2011,08,30,08,14,00
b1087977,2011,09,15,07,36,00
b1087989,2011,09,19,08,26,00
b1087990,2011,09,26,07,54,00
b1088004,2011,10,03,08,38,00
b1088016,2011,10,12,07,08,00
b1088028,2011,10,17,07,57,00
b1088041,2011,11,08,09,33,00
b1088053,2011,11,16,09,19,00
b1088065,2011,11,21,09,13,00
b1088077,2011,12,19,09,08,00
b1088090,2011,08,23,08,40,00
b1088121,2011,10,28,09,51,00
b1088133,2011,10,25,09,31,00
b1088145,2011,11,01,10,00,00
b1088157,2011,02,28,09,07,00
b1089413,2010,10,13,14,59,00
b1103149,2008,07,04,19,24,45
b1103150,2008,07,06,03,41,09
b1103162,2008,07,06,11,34,56
b1103174,2008,07,06,13,30,05
b1103186,2008,07,06,20,08,12
b1103198,2008,07,07,03,47,08
b1103205,2008,07,07,08,39,36
b1103217,2008,07,07,12,00,31
b1103229,2008,07,07,16,00,10
b1103230,2008,07,09,03,43,51
b1103242,2008,07,09,11,04,34
b1103254,2008,07,11,03,41,50
b1103266,2008,07,11,10,37,26
b1103278,2008,07,12,00,45,04
b1103291,2008,07,12,07,58,53
b1103309,2008,07,12,13,16,28
b1103310,2008,07,12,21,12,19
b1103322,2008,07,13,04,09,35
b1103334,2008,07,14,11,03,16
b1103346,2008,07,14,18,07,24
b1103358,2008,07,15,03,16,50
b1103371,2008,07,16,20,29,27
b1103383,2008,07,17,03,08,33
b1103395,2008,07,17,12,49,35
b1103402,2008,07,17,13,39,58
b1103451,2008,07,19,11,41,14
b1103463,2008,07,19,15,20,08
b1103475,2008,07,19,18,41,40
b1103487,2008,07,19,20,17,38
b1103499,2008,07,21,03,35,24
b1103506,2008,07,21,06,37,49
b1103518,2008,07,21,13,17,54
b1103531,2008,07,21,20,10,17
b1103543,2008,07,22,10,05,11
b1103555,2008,07,22,16,10,28
b1103567,2008,07,23,03,18,33
b1103579,2008,07,23,06,15,47
b1106497,2003,07,26,15,46,57
b1107046,2003,08,01,10,51,01
b1107058,2003,08,01,13,06,58
b1107071,2003,08,01,20,31,03
b1107083,2003,08,02,02,56,59
b1107095,2003,08,02,03,58,02
b1107102,2003,08,02,04,57,04
b1107114,2003,08,02,05,59,00
b1107126,2003,08,02,07,02,04
b1107138,2003,08,02,08,01,58
b1107151,2003,08,02,09,01,00
b1107163,2003,08,02,10,11,00
b1107175,2003,08,02,11,02,59
b1107187,2003,08,02,12,09,56
b1107199,2003,08,02,13,08,59
b1107206,2003,08,02,14,02,59
b1107218,2003,08,02,15,01,00
b1107231,2003,08,02,16,02,56
b1107243,2003,08,02,17,06,00
b1107255,2003,08,02,18,02,01
b1107267,2003,08,02,19,00,03
b1107279,2003,08,02,19,58,57
b1107280,2003,08,02,20,59,00
b1107292,2003,08,02,22,00,03
b1107311,2003,08,02,22,58,57
b1107323,2003,08,02,23,57,59
b1107335,2003,08,03,00,57,01
b1107347,2003,08,03,01,56,04
b1107359,2003,08,03,02,56,59
b1107360,2003,08,03,03,57,01
b1107372,2003,08,03,05,42,00
b1107384,2003,08,03,07,18,03
b1107396,2003,08,03,08,38,59
b1107403,2003,08,03,10,08,59
b1107415,2003,08,03,12,01,00
b1107427,2003,08,03,12,59,02
b1107439,2003,08,03,14,11,02
b1107440,2003,08,03,15,22,02
b1107452,2003,08,03,16,32,01
b1107464,2003,08,03,17,56,59
b1107476,2003,08,03,20,13,03
b1107488,2003,08,03,21,32,59
b1107507,2003,08,03,22,43,58
b1107519,2003,08,04,00,00,00
b1107520,2003,08,04,01,36,03
b1107532,2003,08,04,11,26,01
b1107544,2003,08,05,03,00,00
b1107556,2003,08,05,03,55,00
b1107568,2003,08,05,05,07,00
b1107581,2003,08,05,06,03,01
b1107593,2003,08,05,06,57,01
b1107600,2003,08,05,08,13,55
b1107612,2003,08,05,09,09,04
b1107624,2003,08,05,10,01,03
b1107636,2003,08,05,11,01,58
b1107648,2003,08,05,12,02,01
b1107661,2003,08,05,13,01,03
b1107673,2003,08,05,13,59,57
b1107685,2003,08,05,15,03,01
b1107697,2003,08,05,16,00,03
b1107704,2003,08,05,17,01,58
b1107716,2003,08,05,18,02,01
b1107728,2003,08,05,18,59,02
b1107741,2003,08,05,19,58,57
b1107753,2003,08,05,21,02,01
b1107765,2003,08,05,21,58,02
b1107777,2003,08,05,22,57,56
b1107789,2003,08,05,23,56,59
b1107790,2003,08,06,00,58,02
b1107808,2003,08,06,01,57,56
b1107821,2003,08,06,02,55,58
b1107833,2003,08,06,04,05,57
b1107845,2003,08,06,16,27,59
b1107949,2003,08,10,02,55,58
b1107950,2003,08,10,03,56,01
b1107962,2003,08,10,04,57,56
b1107974,2003,08,10,05,56,59
b1107986,2003,08,10,06,57,01
b1107998,2003,08,10,08,11,02
b1108001,2003,08,10,09,22,02
b1108013,2003,08,10,10,15,01
b1108025,2003,08,10,11,01,58
b1108037,2003,08,10,12,07,03
b1108049,2003,08,10,13,08,59
b1108050,2003,08,10,14,01,58
b1108062,2003,08,10,15,05,02
b1108074,2003,08,10,16,09,59
b1108086,2003,08,10,17,02,59
b1108098,2003,08,10,18,22,02
b1108105,2003,08,10,18,55,00
b1108117,2003,08,10,19,47,00
b1108129,2003,08,10,21,01,00
b1108130,2003,08,10,21,58,02
b1108142,2003,08,10,22,56,04
b1108154,2003,08,10,23,56,59
b1108166,2003,08,11,00,56,01
b1108178,2003,08,11,01,55,03
b1108191,2003,08,11,02,55,58
b1108209,2003,08,11,03,53,00
b1108210,2003,08,11,06,12,58
b1108222,2003,08,11,07,55,03
b1108234,2003,08,11,09,59,02
b1108246,2003,08,11,12,36,00
b1114669,2012,01,09,09,34,00
b1114670,2012,01,13,08,25,00
b1114682,2012,01,16,09,15,00
b1114694,2012,01,23,11,26,00
b1114701,2012,01,23,09,47,00
b1114713,2012,01,30,09,08,00
b1114725,2012,02,07,07,00,00
b1114737,2012,02,13,10,03,00
b1114749,2012,02,20,08,59,00
b1114750,2012,02,27,09,07,00
b1114762,2012,02,28,10,01,00
b1114774,2012,03,06,09,03,00
b1114786,2012,03,13,08,40,00
b1114798,2012,03,14,10,13,00
b1114805,2012,03,19,08,50,00
b1114817,2012,03,26,08,16,00
b1114829,2012,04,02,08,09,00
b1114830,2012,04,11,07,33,00
b1114842,2012,04,16,08,08,00
b1114854,2012,04,24,08,12,00
b1114866,2012,04,27,08,36,00
b1114878,2012,05,01,08,12,00
b1114891,2012,05,08,09,16,00
b1114909,2012,05,14,08,21,00
b1114910,2012,05,16,09,59,00
b1114922,2012,05,21,07,45,00
b1114934,2012,05,23,07,56,00
b1114946,2012,05,28,08,18,00
b1114958,2012,06,11,08,15,00
b1114971,2012,06,12,09,14,00
b1114983,2012,06,18,08,55,00
b1114995,2012,06,25,08,07,00
b1115009,2012,06,26,09,20,00
b1115010,2012,07,02,08,09,00
b1115022,2012,07,09,08,39,00
b1115034,2012,07,10,09,13,00
b1115046,2012,07,19,11,42,00
b1115058,2012,07,23,08,12,00
b1115071,2012,07,24,08,32,00
b1115083,2012,07,30,08,08,00
b1115095,2012,08,06,07,58,00
b1115102,2012,08,08,09,24,00
b1115114,2012,08,14,07,51,00
b1115126,2012,08,20,07,44,00
b1115138,2012,08,23,09,05,00
b1115151,2012,09,03,08,06,00
b1115163,2012,09,04,07,29,00
b1115175,2012,09,10,08,12,00
b1115187,2012,09,17,07,18,00
b1115199,2012,09,19,08,08,00
b1115206,2012,09,26,07,49,00
b1115218,2012,10,08,08,01,00
b1115231,2012,10,09,09,13,00
b1115243,2012,10,15,08,29,00
b1115255,2012,10,22,07,53,00
b1115267,2012,10,23,09,02,00
b1115279,2012,10,30,09,06,00
b1115280,2012,11,06,10,06,00
b1115292,2012,11,07,08,42,00
b1115311,2012,11,14,09,07,00
b1115323,2012,11,28,09,52,00
b1115335,2012,11,29,09,59,00
b1115347,2012,12,05,08,54,00
b1115359,2012,12,10,11,04,00
b1115360,2012,12,11,10,04,00
b1115372,2012,12,18,08,25,00
